0.0, 0.0
0.008419027157715883, 0.014491746240321122
0.9999999999964577, 2.661699999996857e-06

0.0, 0.0
0.04991820185378036, 0.04872948094495856
0.9999991108734048, 0.0013335113047797374

0.0, 0.0
0.07932202069298959, 0.07009231050672676
0.9999964505904655, 0.002664358547695647

0.0, 0.0
0.10425718520931462, 0.08746063287420766
0.9999920191523518, 0.003995201071602379

0.0, 0.0
0.12651386871720188, 0.10257145681711136
0.9999858165669123, 0.0053260365193629425

0.0, 0.0
0.1468956696320165, 0.11615797146509603
0.9999778428451329, 0.006656862533852882

0.0, 0.0
0.16585308223838313, 0.12861573125725184
0.9999680980011364, 0.007987676757964452

0.0, 0.0
0.18367145979806568, 0.1401884492541029
0.9999565820521823, 0.009318476834610784

0.0, 0.0
0.2005463243322976, 0.1510395642790768
0.9999432950186674, 0.01064926040673007

0.0, 0.0
0.21661923937846148, 0.16128536053772127
0.999928236924125, 0.011980025117289734

0.0, 0.0
0.2319969848505315, 0.17101227312880846
0.9999114077952256, 0.013310768609290608

0.0, 0.0
0.24676269473473342, 0.1802867541458989
0.9998928076617761, 0.014641488525771105

0.0, 0.0
0.2609827477155006, 0.1891612811202281
0.9998724365567206, 0.015972182509811392

0.0, 0.0
0.27471124733209007, 0.1976782107978774
0.9998502945161394, 0.017302848204537567

0.0, 0.0
0.28799305434772837, 0.20587235659619924
0.9998263815792497, 0.018633483253125836

0.0, 0.0
0.3008659085326748, 0.21377277305261344
0.9998006977884052, 0.01996408529880668

0.0, 0.0
0.31336195538100525, 0.22140402764619674
0.999773243189096, 0.021294651984869038

0.0, 0.0
0.32550887116749033, 0.228787129972226
0.9997440178299487, 0.022625180954664474

0.0, 0.0
0.3373307092727023, 0.235940225238488
0.9997130217627259, 0.023955669851611353

0.0, 0.0
0.34884854838062584, 0.2428791215914461
0.9996802550423269, 0.025286116319199015

0.0, 0.0
0.36008099685167255, 0.24961769771351594
0.9996457177267869, 0.026616518000991952

0.0, 0.0
0.37104459073464713, 0.2561682224878102
0.9996094098772768, 0.02794687254063398

0.0, 0.0
0.3817541118131046, 0.2625416089752752
0.9995713315581038, 0.029277177581852405

0.0, 0.0
0.39222284463543805, 0.26874761856935186
0.9995314828367108, 0.03060743076846221

0.0, 0.0
0.4024627863633162, 0.27479502684021734
0.9994898637836761, 0.031937629744370206

0.0, 0.0
0.4124848196934881, 0.2806917595530932
0.9994464744727141, 0.03326777215357925

0.0, 0.0
0.42229885656004074, 0.28644500520268135
0.999401314980674, 0.03459785564019236

0.0, 0.0
0.4319139584825273, 0.2920613088657431
0.9993543853875407, 0.03592787784841691

0.0, 0.0
0.44133843807536843, 0.2975466510508048
0.9993056857764341, 0.03725783642256885

0.0, 0.0
0.4505799452316057, 0.30290651439421196
0.9992552162336089, 0.03858772900707679

0.0, 0.0
0.45964554074092423, 0.3081459404312495
0.9992029768484549, 0.03991755324648625

0.0, 0.0
0.46854175952988747, 0.31326957820178036
0.9991489677134966, 0.041247306785463775

0.0, 0.0
0.4772746652733534, 0.31828172609137145
0.9990931889243928, 0.04257698726880114

0.0, 0.0
0.4858498977861174, 0.323186368032242
0.9990356405799367, 0.04390659234141953

0.0, 0.0
0.4942727143382065, 0.327987204973171
0.9989763227820557, 0.045236119648373686

0.0, 0.0
0.5025480258280209, 0.3326876823585246
0.9989152356358114, 0.04656556683485606

0.0, 0.0
0.510680428581438, 0.3372910142229355
0.9988523792493987, 0.047894931546201044

0.0, 0.0
0.5186742324122139, 0.3418002044017171
0.9987877537341467, 0.0492242114278891

0.0, 0.0
0.5265334854721628, 0.34621806527166676
0.9987213592045174, 0.05055340412555092

0.0, 0.0
0.5342619963330232, 0.35054723436793717
0.9986531957781064, 0.05188250728497163

0.0, 0.0
0.5418633536713923, 0.3547901891666585
0.998583263575642, 0.053211518552094925

0.0, 0.0
0.5493409438703132, 0.35894926027718954
0.9985115627209854, 0.05454043557302728

0.0, 0.0
0.5566979668034768, 0.3630266432502785
0.9984380933411305, 0.05586925599404207

0.0, 0.0
0.5639374500285723, 0.3670244091773563
0.9983628555662035, 0.05719797746158379

0.0, 0.0
0.571062261583522, 0.37094451423043046
0.9982858495294625, 0.05852659762227218

0.0, 0.0
0.5780751215519054, 0.37478880827055355
0.9982070753672977, 0.0598551141229064

0.0, 0.0
0.5849786125408618, 0.3785590426348426
0.9981265332192307, 0.061183524610469255

0.0, 0.0
0.591775189195359, 0.38225687719692913
0.9980442232279149, 0.06251182673213125

0.0, 0.0
0.5984671868562953, 0.3858838867829197
0.9979601455391344, 0.06384001813525489

0.0, 0.0
0.6050568294559318, 0.38944156701413746
0.9978743003018045, 0.06516809646739873

0.0, 0.0
0.6115462367322921, 0.39293133963872573
0.9977866876679709, 0.06649605937632161

0.0, 0.0
0.6179374308339496, 0.39635455740628367
0.9976973077928095, 0.06782390450998682

0.0, 0.0
0.624232342377933, 0.39971250853306584
0.9976061608346269, 0.06915162951656621

0.0, 0.0
0.6304328160158935, 0.40300642079938925
0.9975132469548589, 0.07047923204444442

0.0, 0.0
0.6365406155572644, 0.406237465316006
0.997418566318071, 0.07180670974222306

0.0, 0.0
0.6425574286924433, 0.4094067599918332
0.9973221190919578, 0.07313406025872472

0.0, 0.0
0.6484848713541673, 0.4125153727317157
0.997223905447343, 0.07446128124299739

0.0, 0.0
0.6543244917510079, 0.415564324389676
0.9971239255581787, 0.07578837034431836

0.0, 0.0
0.6600777741031522, 0.41855459150024266
0.9970221796015457, 0.07711532521219856

0.0, 0.0
0.6657461421074329, 0.42148710880801954
0.9969186677576523, 0.07844214349638673

0.0, 0.0
0.6713309621556803, 0.4243627716134616
0.9968133902098347, 0.07976882284687338

0.0, 0.0
0.6768335463279396, 0.4271824379509529
0.9967063471445564, 0.08109536091389521

0.0, 0.0
0.6822551551799377, 0.42994693061360506
0.9965975387514081, 0.08242175534793914

0.0, 0.0
0.6875970003421809, 0.4326570390377218
0.996486965223107, 0.08374800379974642

0.0, 0.0
0.6928602469463399, 0.4353135210585771
0.9963746267554966, 0.08507410392031695

0.0, 0.0
0.6980460158930604, 0.4379171045480226
0.9962605235475465, 0.08640005336091326

0.0, 0.0
0.7031553859739659, 0.4404684889433774
0.9961446558013518, 0.08772584977306482

0.0, 0.0
0.7081893958593766, 0.4429683466762092
0.9960270237221331, 0.08905149080857214

0.0, 0.0
0.7131490459622382, 0.44541732450876376
0.9959076275182359, 0.09037697411951087

0.0, 0.0
0.7180353001877336, 0.447816044785078
0.99578646740113, 0.09170229735823608

0.0, 0.0
0.7228490875772245, 0.4501651066032211
0.9956635435854095, 0.09302745817738631

0.0, 0.0
0.7275913038543518, 0.4524650869144748
0.9955388562887925, 0.09435245422988779

0.0, 0.0
0.7322628128804927, 0.4547165415547808
0.9954124057321201, 0.0956772831689586

0.0, 0.0
0.7368644480260622, 0.4569200062133185
0.9952841921393569, 0.09700194264811274

0.0, 0.0
0.7413970134636524, 0.4590759973426536
0.9951542157375897, 0.09832643032116442

0.0, 0.0
0.7458612853884604, 0.4611850130145299
0.9950224767570277, 0.0996507438422321

0.0, 0.0
0.7502580131710164, 0.46324753372502636
0.9948889754310021, 0.10097488086574273

0.0, 0.0
0.7545879204467776, 0.4652640231525306
0.9947537119959651, 0.10229883904643584

0.0, 0.0
0.7588517061468236, 0.46723492887164925
0.9946166866914901, 0.1036226160393677

0.0, 0.0
0.763050045473512, 0.46916068302597935
0.9944778997602711, 0.10494620949991554

0.0, 0.0
0.7671835908246578, 0.4710417029624074
0.9943373514481222, 0.10626961708378163

0.0, 0.0
0.7712529726695355, 0.47287839182939795
0.994195042003977, 0.10759283644699745

0.0, 0.0
0.775258800379711, 0.4746711391415651
0.9940509716798887, 0.10891586524592789

0.0, 0.0
0.7792016630175279, 0.47642032131262224
0.993905140731029, 0.11023870113727528

0.0, 0.0
0.7830821300848141, 0.47812630215866664
0.9937575494156881, 0.1115613417780837

0.0, 0.0
0.7869007522342207, 0.4797894333736185
0.9936081979952739, 0.11288378482574303

0.0, 0.0
0.7906580619453983, 0.48141005497847883
0.993457086734312, 0.11420602793799307

0.0, 0.0
0.7943545741680889, 0.48298849574596486
0.9933042159004449, 0.11552806877292783

0.0, 0.0
0.7979907869340243, 0.48452507360199004
0.9931495857644315, 0.1168499049889995

0.0, 0.0
0.8015671819394319, 0.48602009600531176
0.9929931966001466, 0.1181715342450227

0.0, 0.0
0.8050842250997772, 0.4874738603066211
0.9928350486845808, 0.11949295420017868

0.0, 0.0
0.8085423670783037, 0.48888665408822124
0.9926751422978396, 0.12081416251401929

0.0, 0.0
0.8119420437898065, 0.49025875548540737
0.992513477723143, 0.1221351568464713

0.0, 0.0
0.815283676880966, 0.491590433490547
0.992350055246825, 0.12345593485784048

0.0, 0.0
0.8185676741885101, 0.4928819482408109
0.9921848751583333, 0.12477649420881569

0.0, 0.0
0.8217944301763772, 0.4941335512904416
0.9920179377502284, 0.1260968325604731

0.0, 0.0
0.8249643263529552, 0.4953454858683777
0.9918492433181835, 0.12741694757428032

0.0, 0.0
0.8280777316694632, 0.49651798712202344
0.9916787921609835, 0.1287368369121005

0.0, 0.0
0.8311350029004069, 0.49765128234786815
0.9915065845805252, 0.13005649823619653

0.0, 0.0
0.8341364850070285, 0.49874559120962814
0.9913326208818158, 0.13137592920923513

0.0, 0.0
0.8370825114845944, 0.4998011259445601
0.9911569013729733, 0.132695127494291

0.0, 0.0
0.8399734046943309, 0.5008180915585071
0.9909794263652251, 0.13401409075485093

0.0, 0.0
0.8428094761807512, 0.5017966860102644
0.9908001961729082, 0.1353328166548181

0.0, 0.0
0.8455910269750941, 0.5027371003857437
0.9906192111134682, 0.136651302858516

0.0, 0.0
0.8483183478855238, 0.5036395190624394
0.990436471507459, 0.1379695470306927

0.0, 0.0
0.8509917197747473, 0.5045041198646439
0.9902519776785417, 0.13928754683652486

0.0, 0.0
0.853611413825631, 0.505331074209824
0.9900657299534847, 0.14060529994162208

0.0, 0.0
0.8561776917953804, 0.5061205472465687
0.989877728662163, 0.14192280401203078

0.0, 0.0
0.8586908062588201, 0.5068726979844519
0.989687974137557, 0.1432400567142386

0.0, 0.0
0.8611510008412832, 0.507587679416167
0.9894964667157528, 0.14455705571517827

0.0, 0.0
0.8635585104415853, 0.5082656386322554
0.9893032067359409, 0.14587379868223194

0.0, 0.0
0.8659135614455332, 0.5089067169287084
0.9891081945404158, 0.14719028328323516

0.0, 0.0
0.8682163719304156, 0.5095110499077405
0.9889114304745757, 0.14850650718648123

0.0, 0.0
0.8704671518608751, 0.5100787675719703
0.9887129148869216, 0.14982246806072502

0.0, 0.0
0.8726661032765457, 0.5106099944122554
0.9885126481290565, 0.15113816357518742

0.0, 0.0
0.8748134204718533, 0.5111048494894049
0.9883106305556852, 0.15245359139955916

0.0, 0.0
0.8769092901683155, 0.5115634465099608
0.9881068625246137, 0.1537687492040052

0.0, 0.0
0.8789538916796801, 0.5119858938962449
0.9879013443967477, 0.15508363465916877

0.0, 0.0
0.8809473970702419, 0.512372294850837
0.9876940765360932, 0.15639824543617536

0.0, 0.0
0.8828899713066449, 0.5127227474156403
0.9874850593097549, 0.15771257920663706

0.0, 0.0
0.8847817724034601, 0.5130373445256787
0.9872742930879362, 0.15902663364265657

0.0, 0.0
0.8866229515628334, 0.5133161740577492
0.9870617782439381, 0.16034040641683125

0.0, 0.0
0.8884136533084894, 0.5135593188740568
0.9868475151541587, 0.16165389520225742

0.0, 0.0
0.8901540156143445, 0.5137668568609035
0.9866315041980925, 0.1629670976725344

0.0, 0.0
0.8918441700280004, 0.5139388609625706
0.9864137457583297, 0.16428001150176855

0.0, 0.0
0.893484241789363, 0.5140753992104267
0.9861942402205558, 0.16559263436457752

0.0, 0.0
0.8950743499446262, 0.5141765347473461
0.9859729879735505, 0.16690496393609425

0.0, 0.0
0.8966146074558939, 0.5142423258475052
0.9857499894091871, 0.16821699789197117

0.0, 0.0
0.8981051213066065, 0.5142728259315686
0.9855252449224323, 0.16952873390838435

0.0, 0.0
0.8995459926030652, 0.5142680835773351
0.9852987549113448, 0.17084016966203747

0.0, 0.0
0.9009373166722553, 0.5142281425258425
0.9850705197770748, 0.1721513028301661

0.0, 0.0
0.9022791831561816, 0.514153041682947
0.9848405399238639, 0.17346213109054168

0.0, 0.0
0.9035716761029587, 0.514042815116394
0.9846088157590432, 0.17477265212147572

0.0, 0.0
0.9048148740548552, 0.5138974920483419
0.9843753476930339, 0.17608286360182385

0.0, 0.0
0.9060088501335215, 0.5137170968433518
0.9841401361393456, 0.17739276321099

0.0, 0.0
0.9071536721226364, 0.5135016489918003
0.9839031815145758, 0.17870234862893053

0.0, 0.0
0.9082494025481793, 0.5132511630886807
0.9836644842384094, 0.18001161753615813

0.0, 0.0
0.9092960987565547, 0.5129656488077297
0.9834240447336179, 0.18132056761374618

0.0, 0.0
0.9102938129908189, 0.5126451108708552
0.9831818634260585, 0.1826291965433328

0.0, 0.0
0.9112425924652157, 0.512289549012742
0.9829379407446733, 0.18393750200712483

0.0, 0.0
0.9121424794383027, 0.5118989579406341
0.9826922771214889, 0.18524548168790206

0.0, 0.0
0.9129935112849, 0.5114733272891251
0.9824448729916151, 0.1865531332690213

0.0, 0.0
0.9137957205671174, 0.5110126415699175
0.9821957287932447, 0.1878604544344204

0.0, 0.0
0.9145491351047391, 0.5105168801164136
0.9819448449676521, 0.18916744286862258

0.0, 0.0
0.9152537780452725, 0.5099860170230252
0.9816922219591933, 0.19047409625674025

0.0, 0.0
0.91590966793393, 0.509420021079095
0.9814378602153043, 0.1917804122844793

0.0, 0.0
0.9165168187838847, 0.5088188556972568
0.9811817601865008, 0.19308638863814312

0.0, 0.0
0.9170752401471189, 0.5081824788361158
0.9809239223263774, 0.19439202300463673

0.0, 0.0
0.9175849371862553, 0.5075108429170994
0.9806643470916064, 0.19569731307147084

0.0, 0.0
0.9180459107477137, 0.506803894735287
0.9804030349419377, 0.197002256526766

0.0, 0.0
0.9184581574366182, 0.5060615753640582
0.9801399863401972, 0.1983068510592567

0.0, 0.0
0.918821669693913, 0.5052838200534078
0.9798752017522863, 0.19961109435829527

0.0, 0.0
0.9191364358761177, 0.5044705581216833
0.9796086816471814, 0.20091498411385633

0.0, 0.0
0.9194024403382736, 0.5036217128406137
0.9793404264969328, 0.2022185180165406

0.0, 0.0
0.9196196635205818, 0.5027372013133834
0.9790704367766633, 0.203521693757579

0.0, 0.0
0.9197880820393775, 0.5018169343455824
0.9787987129645686, 0.20482450902883695

0.0, 0.0
0.9199076687830158, 0.5008608163088099
0.9785252555419153, 0.20612696152281823

0.0, 0.0
0.9199783930134413, 0.4998687449967381
0.9782500649930407, 0.20742904893266914

0.0, 0.0
0.9200002204741403, 0.498840611473441
0.9779731418053517, 0.2087307689521827

0.0, 0.0
0.9199731135052963, 0.4977762999137745
0.977694486469324, 0.21003211927580254

0.0, 0.0
0.9198970311670941, 0.4966756874356589
0.977414099478501, 0.21133309759862712

0.0, 0.0
0.9197719293720867, 0.4955386439240642
0.9771319813294936, 0.2126337016164138

0.0, 0.0
0.9195977610277196, 0.4943650318465741
0.9768481325219786, 0.21393392902558284

0.0, 0.0
0.9193744761901269, 0.49315470606038037
0.9765625535586977, 0.21523377752322156

0.0, 0.0
0.9191020222305337, 0.4919075136106636
0.9762752449454577, 0.2165332448070884

0.0, 0.0
0.9187803440155554, 0.4906232935202804
0.9759862071911285, 0.21783232857561702

0.0, 0.0
0.9184093841029409, 0.48930187657079377
0.9756954408076426, 0.2191310265279203

0.0, 0.0
0.9179890829543728, 0.4879430850749234
0.975402946309994, 0.22042933636379444

0.0, 0.0
0.9175193791671119, 0.48654673264058246
0.9751087242162381, 0.22172725578372313

0.0, 0.0
0.9170002097264262, 0.48511262392678384
0.9748127750474893, 0.2230247824888815

0.0, 0.0
0.9164315102808893, 0.48364055439179
0.9745150993279217, 0.22432191418114025

0.0, 0.0
0.9158132154428924, 0.48213031003408297
0.9742156975847669, 0.22561864856306976

0.0, 0.0
0.9151452591168027, 0.48058166712685274
0.9739145703483137, 0.22691498333794402

0.0, 0.0
0.9144275748575158, 0.4789943919469718
0.9736117181519072, 0.22821091620974485

0.0, 0.0
0.9136600962623032, 0.4773682404996414
0.9733071415319474, 0.22950644488316588

0.0, 0.0
0.9128427573991215, 0.4757029582402281
0.9730008410278888, 0.23080156706361665

0.0, 0.0
0.9119754932747859, 0.4739982797951514
0.9726928171822389, 0.23209628045722672

0.0, 0.0
0.9110582403466504, 0.47225392868412436
0.9723830705405577, 0.23339058277084956

0.0, 0.0
0.9100909370817092, 0.4704696170465477
0.9720716016514566, 0.2346844717120668

0.0, 0.0
0.9090735245672628, 0.46864504537545304
0.9717584110665972, 0.23597794498919225

0.0, 0.0
0.9080059471775489, 0.46677990226308075
0.9714434993406907, 0.23727100031127585

0.0, 0.0
0.9068881533009355, 0.4648738641629841
0.9711268670314965, 0.2385636353881079

0.0, 0.0
0.905720096132487, 0.4629265951745199
0.9708085146998217, 0.23985584793022294

0.0, 0.0
0.9045017345368228, 0.46093774685664185
0.9704884429095194, 0.24114763564890387

0.0, 0.0
0.9032330339862628, 0.4589069580792177
0.9701666522274887, 0.24243899625618612

0.0, 0.0
0.9019139675792386, 0.45683385492153933
0.9698431432236727, 0.24372992746486152

0.0, 0.0
0.9005445171437566, 0.4547180506293835
0.9695179164710581, 0.24502042698848253

0.0, 0.0
0.8991246744303719, 0.45255914564387506
0.9691909725456741, 0.24631049254136606

0.0, 0.0
0.8976544423985674, 0.45035672771761776
0.9688623120265911, 0.24760012183859773

0.0, 0.0
0.8961338365995815, 0.44811037213599453
0.9685319354959199, 0.24888931259603583

0.0, 0.0
0.8945628866575082, 0.4458196420642967
0.9681998435388107, 0.25017806253031544

0.0, 0.0
0.8929416378487806, 0.44348408904438474
0.9678660367434521, 0.2514663693588522

0.0, 0.0
0.8912701527779352, 0.4411032536679342
0.9675305157010696, 0.2527542307998468

0.0, 0.0
0.8895485131446003, 0.4386766664569147
0.9671932810059254, 0.2540416445722888

0.0, 0.0
0.8877768215928259, 0.43620384898579073
0.9668543332553163, 0.2553286083959604

0.0, 0.0
0.8859552036291203, 0.43368431528386553
0.9665136730495738, 0.2566151199914408

0.0, 0.0
0.8840838095895258, 0.43111757356014624
0.9661713009920619, 0.2579011770801104

0.0, 0.0
0.8821628166287324, 0.42850312829687565
0.965827217689177, 0.25918677738415435

0.0, 0.0
0.880192430695276, 0.4258404827611725
0.965481423750346, 0.260471918626567

0.0, 0.0
0.8781728884462289, 0.4231291419867055
0.9651339197880258, 0.2617565985311557

0.0, 0.0
0.8761044590422467, 0.4203686162785488
0.9647847064177021, 0.2630408148225448

0.0, 0.0
0.8739874457493982, 0.4175584252936839
0.9644337842578882, 0.26432456522618014

0.0, 0.0
0.8718221872579304, 0.41469810274638286
0.9640811539301238, 0.2656078474683322

0.0, 0.0
0.8696090586101813, 0.41178720178096223
0.9637268160589743, 0.26689065927610117

0.0, 0.0
0.8673484716108728, 0.40882530104329445
0.9633707712720291, 0.2681729983774201

0.0, 0.0
0.8650408745736202, 0.4058120114657625
0.9630130201999011, 0.2694548625010594

0.0, 0.0
0.862686751239124, 0.4027469837571745
0.9626535634762252, 0.2707362493766307

0.0, 0.0
0.8602866186846218, 0.3996299165583881
0.9622924017376574, 0.272017156734591

0.0, 0.0
0.8578410240332542, 0.39646056518543366
0.9619295356238733, 0.2732975823062465

0.0, 0.0
0.855350539768645, 0.3932387508346201
0.9615649657775673, 0.27457752382375683

0.0, 0.0
0.8528157574675016, 0.38996437006897033
0.9611986928444517, 0.2758569790201389

0.0, 0.0
0.850237279784951, 0.3866374043441463
0.9608307174732549, 0.27713594562927096

0.0, 0.0
0.8476157105669908, 0.3832579292678555
0.9604610403157207, 0.2784144213858966

0.0, 0.0
0.8449516430246723, 0.37982612322417225
0.960089662026607, 0.27969240402562895

0.0, 0.0
0.8422456459869488, 0.3763422749396381
0.9597165832636847, 0.28096989128495425

0.0, 0.0
0.8394982483530884, 0.37280678952910556
0.9593418046877366, 0.2822468809012365

0.0, 0.0
0.8367099219875733, 0.36922019254452476
0.958965326962556, 0.2835233706127207

0.0, 0.0
0.8338810634339127, 0.36558313156760336
0.9585871507549457, 0.2847993581585376

0.0, 0.0
0.8310119749582918, 0.36189637494420623
0.9582072767347171, 0.2860748412787071

0.0, 0.0
0.8281028455559868, 0.3581608073580148
0.957825705574688, 0.2873498177141428

0.0, 0.0
0.8251537326476247, 0.35437742208219475
0.9574424379506828, 0.2886242852066555

0.0, 0.0
0.8221645452434155, 0.3505473099236034
0.9570574745415305, 0.28989824149895754

0.0, 0.0
0.8191350293488114, 0.3466716450714093
0.956670816029063, 0.29117168433466656

0.0, 0.0
0.8160647563174132, 0.3427516682628262
0.9562824630981153, 0.29244461145830974

0.0, 0.0
0.8129531147265093, 0.3387886678619946
0.955892416436523, 0.2937170206153276

0.0, 0.0
0.8097993061659153, 0.33478395959305735
0.9555006767351218, 0.2949889095520782

0.0, 0.0
0.8066023451082487, 0.3307388657580029
0.955107244687746, 0.2962602760158406

0.0, 0.0
0.8033610627904786, 0.32665469479340586
0.9547121209912272, 0.2975311177548197

0.0, 0.0
0.800074114806999, 0.3225327219758229
0.9543153063453932, 0.2988014325181496

0.0, 0.0
0.79673999191634, 0.31837417198007595
0.9539168014530669, 0.3000712180558977

0.0, 0.0
0.7933570334148811, 0.31418020384230233
0.9535166070200648, 0.3013404721190688

0.0, 0.0
0.7899234423418471, 0.3099518986992504
0.9531147237551959, 0.302609192459609

0.0, 0.0
0.7864373017526388, 0.3056902504872267
0.9527111523702602, 0.3038773768304097

0.0, 0.0
0.7828965913269224, 0.3013961596068328
0.9523058935800479, 0.30514502298531176

0.0, 0.0
0.7792992036527087, 0.297070429407669
0.9518989481023378, 0.306412128679109

0.0, 0.0
0.7756429596340578, 0.2927137652295748
0.9514903166578959, 0.3076786916675528

0.0, 0.0
0.7719256225930526, 0.2883267756573523
0.9510799999704745, 0.30894470970735544

0.0, 0.0
0.7681449107631144, 0.28390997560316955
0.9506679987668109, 0.31021018055619465

0.0, 0.0
0.7642985079897876, 0.2794637908203548
0.9502543137766255, 0.31147510197271727

0.0, 0.0
0.7603840725594425, 0.27498856346748357
0.9498389457326213, 0.31273947171654315

0.0, 0.0
0.7563992441618044, 0.2704845583752714
0.9494218953704822, 0.31400328754826934

0.0, 0.0
0.752341649057353, 0.26595196971369384
0.9490031634288717, 0.315266547229474

0.0, 0.0
0.7482089035662646, 0.26139092780709267
0.9485827506494318, 0.31652924852272024

0.0, 0.0
0.7439986160237985, 0.25680150589593453
0.9481606577767812, 0.3177913891915602

0.0, 0.0
0.7397083873606365, 0.25218372669200034
0.9477368855585147, 0.3190529670005389

0.0, 0.0
0.7353358104689585, 0.24753756861704226
0.9473114347452011, 0.3203139797151985

0.0, 0.0
0.7308784685087224, 0.24286297165207726
0.9468843060903828, 0.3215744251020818

0.0, 0.0
0.7263339322966101, 0.23815984275534002
0.9464555003505734, 0.32283430092873644

0.0, 0.0
0.7216997569043209, 0.23342806083152567
0.946025018285257, 0.3240936049637189

0.0, 0.0
0.7169734775753319, 0.2286674812540093
0.9455928606568872, 0.32535233497659855

0.0, 0.0
0.7121526050508975, 0.22387793995588556
0.9451590282308846, 0.32661048873796117

0.0, 0.0
0.707234620378064, 0.21905925711575117
0.9447235217756367, 0.3278680640194134

0.0, 0.0
0.7022169692551884, 0.2142112404709754
0.9442863420624956, 0.3291250585935862

0.0, 0.0
0.6970970559543062, 0.20933368829542764
0.9438474898657773, 0.33038147023413944

0.0, 0.0
0.6918722368447621, 0.20442639208096472
0.9434069659627596, 0.33163729671576514

0.0, 0.0
0.6865398135287831, 0.1994891389629177
0.9429647711336818, 0.3328925358141918

0.0, 0.0
0.6810970255870706, 0.19452171392984158
0.9425209061617422, 0.3341471853061885

0.0, 0.0
0.6755410429207716, 0.18952390185725038
0.9420753718330974, 0.3354012429695681

0.0, 0.0
0.6698689576651851, 0.1844954894042624
0.9416281689368605, 0.3366547065831922

0.0, 0.0
0.6640777756400443, 0.17943626681124086
0.9411792982651002, 0.33790757392697424

0.0, 0.0
0.6581644072908941, 0.17434602963585843
0.9407287606128388, 0.339159842781884

0.0, 0.0
0.6521256580656867, 0.169224580464663
0.9402765567780512, 0.34041151092995103

0.0, 0.0
0.6459582181600144, 0.16407173063731859
0.9398226875616635, 0.34166257615426904

0.0, 0.0
0.6396586515530139, 0.15888730202136445
0.9393671537675514, 0.34291303623899944

0.0, 0.0
0.6332233842436491, 0.1536711288766986
0.9389099562025388, 0.3441628889693756

0.0, 0.0
0.626648691583436, 0.14842305985114976
0.9384510956763962, 0.3454121321317064

0.0, 0.0
0.6199306845863216, 0.14314296015162356
0.9379905730018399, 0.3466607635133807

0.0, 0.0
0.61306529507895, 0.13783071393953678
0.9375283889945298, 0.34790878090287053

0.0, 0.0
0.6060482595343524, 0.13248622700479554
0.9370645444730685, 0.34915618208973564

0.0, 0.0
0.5988751014086823, 0.12710942977968215
0.9365990402589994, 0.35040296486462713

0.0, 0.0
0.5915411117731529, 0.12170028076300204
0.9361318771768058, 0.3516491270192914

0.0, 0.0
0.5840413280009763, 0.11625877043610715
0.9356630560539089, 0.35289466634657407

0.0, 0.0
0.5763705102307799, 0.1107849257664675
0.9351925777206664, 0.35413958064042395

0.0, 0.0
0.5685231152823056, 0.1052788154119597
0.9347204430103716, 0.3553838676958967

0.0, 0.0
0.5604932676455492, 0.09974055576082186
0.9342466527592513, 0.3566275253091591

0.0, 0.0
0.5522747270987879, 0.09417031796939526
0.9337712078064645, 0.3578705512774927

0.0, 0.0
0.5438608524314509, 0.08856833619370984
0.9332941089941009, 0.35911294339929783

0.0, 0.0
0.5352445606513737, 0.08293491725360651
0.9328153571671797, 0.3603546994740975

0.0, 0.0
0.5264182809380692, 0.07727045202178306
0.9323349531736475, 0.36159581730254103

0.0, 0.0
0.5173739024590176, 0.07157542889821852
0.9318528978643774, 0.36283629468640854

0.0, 0.0
0.5081027149873405, 0.06585044981717116
0.9313691920931672, 0.36407612942861417

0.0, 0.0
0.4985953410372722, 0.060096249345207214
0.9308838367167379, 0.3653153193332105

0.0, 0.0
0.48884165795634044, 0.054313717572420504
0.9303968325947324, 0.36655386220539204

0.0, 0.0
0.4788307080638185, 0.048503927686022685
0.9299081805897134, 0.3677917558514995

0.0, 0.0
0.4685505944819664, 0.042668169360829886
0.9294178815671627, 0.36902899807902323

0.0, 0.0
0.45798835974047347, 0.036807989425877714
0.9289259363954787, 0.37026558669660753

0.0, 0.0
0.44712984350501955, 0.030925241700147318
0.9284323459459761, 0.37150151951405436

0.0, 0.0
0.43595951483271017, 0.025022148475676517
0.9279371110928831, 0.3727367943423271

0.0, 0.0
0.4244602731129604, 0.01910137692472902
0.9274402327133408, 0.3739714089935545

0.0, 0.0
0.41261321020330144, 0.013166134809613714
0.9269417116874006, 0.3752053612810348

0.0, 0.0
0.4003973240599564, 0.007220291414012648
0.9264415488980241, 0.37643864901923924

0.0, 0.0
0.3877891711674077, 0.0012685317974932856
0.9259397452310802, 0.377671270023816

0.0, 0.0
0.37476244095866296, -0.00468344438491749
0.9254363015753444, 0.3789032221115944

0.0, 0.0
0.3612874296943119, -0.010628663664061339
0.9249312188224965, 0.3801345031005883

0.0, 0.0
0.3473303831840336, -0.01655853646742106
0.9244244978671197, 0.3813651108100002

0.0, 0.0
0.3328526661302565, -0.02246239870344211
0.9239161396066985, 0.3825950430602253

0.0, 0.0
0.3178096989243622, -0.02832688804158741
0.9234061449416175, 0.3838242976728549

0.0, 0.0
0.3021495774933082, -0.0341350800608129
0.9228945147751598, 0.38505287247068076

0.0, 0.0
0.285811253444997, -0.03986526749718806
0.9223812500135049, 0.3862807652776983

0.0, 0.0
0.2687220921513342, -0.04548919508386861
0.9218663515657275, 0.38750797391911124

0.0, 0.0
0.250794531485557, -0.05096943890642667
0.9213498203437959, 0.38873449622133494

0.0, 0.0
0.23192140886196902, -0.05625539446263105
0.9208316572625703, 0.3899603300120003

0.0, 0.0
0.2119692642449219, -0.06127690940525196
0.9203118632398013, 0.39118547311995777

0.0, 0.0
0.1907684805051332, -0.06593373535725229
0.9197904391961279, 0.3924099233752812

0.0, 0.0
0.1680983456067993, -0.07007712428294637
0.9192673860550764, 0.39363367860927134

0.0, 0.0
0.14366379298791485, -0.07347560945039208
0.9187427047430583, 0.39485673665446014

0.0, 0.0
0.11705861109850967, -0.07574610923890775
0.9182163961893688, 0.39607909534461433

0.0, 0.0
0.08770937859462392, -0.07620046836481942
0.9176884613261854, 0.3973007525147394

0.0, 0.0
0.05481595534888261, -0.07345726947045451
0.9171589010885662, 0.39852170600108305

0.0, 0.0
0.01753605113567302, -0.06431568183881826
0.9166277164144476, 0.3997419536411397

0.0, 0.0
-0.02219131464579923, -0.04080213282120076
0.9160949082446436, 0.4009614932736536

0.0, 0.0
-0.047358782468763086, 0.003820954770394813
0.9155604775228433, 0.40218032273862325

0.0, 0.0
-0.047622370882078165, 0.04938944498143829
0.91502442519561, 0.4033984398773049

0.0, 0.0
-0.03742484157115459, 0.08592161132345434
0.9144867522123787, 0.4046158425322164

0.0, 0.0
-0.024016158086733047, 0.11576292057688896
0.9139474595254554, 0.40583252854714097

0.0, 0.0
-0.009594062449777658, 0.14110560241820536
0.9134065480900143, 0.40704849576713137

0.0, 0.0
0.00507481881946699, 0.16325832578553756
0.9128640188640968, 0.4082637420385133

0.0, 0.0
0.019683358852813658, 0.18302311740147933
0.91231987280861, 0.40947826520888936

0.0, 0.0
0.034098823854213194, 0.20092212544306018
0.9117741108873243, 0.41069206312714296

0.0, 0.0
0.0482632580577545, 0.2173142266124453
0.9112267340668722, 0.41190513364344195

0.0, 0.0
0.06215354706343496, 0.23245727557933346
0.9106777433167463, 0.41311747460924264

0.0, 0.0
0.07576368756387425, 0.24654333331750455
0.9101271396092981, 0.41432908387729334

0.0, 0.0
0.0890962983778191, 0.25971972952698374
0.9095749239197355, 0.4155399593016385

0.0, 0.0
0.10215832372209527, 0.27210227067312065
0.9090210972261217, 0.4167500987376222

0.0, 0.0
0.11495877049946483, 0.28378386672266526
0.9084656605093732, 0.41795950004189214

0.0, 0.0
0.12750748593411712, 0.2948403648686234
0.9079086147532579, 0.4191681610724033

0.0, 0.0
0.13981448976362695, 0.30533461399603945
0.9073499609443941, 0.42037607968842183

0.0, 0.0
0.1518896115768397, 0.3153193705194919
0.9067897000722478, 0.42158325375052885

0.0, 0.0
0.16374230000793244, 0.3248394231586469
0.9062278331291314, 0.42278968112062426

0.0, 0.0
0.175381530178761, 0.33393317761344543
0.905664361110202, 0.4239953596619303

0.0, 0.0
0.18681576764772867, 0.3426338592764694
0.9050992850134595, 0.4252002872389956

0.0, 0.0
0.1980529646946618, 0.3509704403707352
0.9045326058397449, 0.4264044617176989

0.0, 0.0
0.20910057472736393, 0.358968364688344
0.9039643245927387, 0.42760788096525276

0.0, 0.0
0.2199655763668584, 0.36665012127082425
0.9033944422789585, 0.4288105428502074

0.0, 0.0
0.23065450217727973, 0.3740357037034176
0.902822959907758, 0.43001244524245447

0.0, 0.0
0.24117346905055378, 0.38114298164629623
0.9022498784913247, 0.43121358601323073

0.0, 0.0
0.251528208495465, 0.3879880042176092
0.9016751990446783, 0.432413963035122

0.0, 0.0
0.2617240958378695, 0.39458524987607546
0.9010989225856689, 0.4336135741820666

0.0, 0.0
0.2717661778026661, 0.40094783387749205
0.9005210501349753, 0.4348124173293597

0.0, 0.0
0.28165919823139474, 0.40708768177369387
0.8999415827161028, 0.4360104903536564

0.0, 0.0
0.2914076218607014, 0.41301567549810886
0.8993605213553818, 0.437207791132976

0.0, 0.0
0.30101565618826265, 0.4187417771443481
0.8987778670819656, 0.43840431754670534

0.0, 0.0
0.310487271510577, 0.42427513445842824
0.8981936209278293, 0.43960006747560315

0.0, 0.0
0.31982621924724536, 0.4296241712370954
0.897607783927767, 0.44079503880180315

0.0, 0.0
0.32903604868006864, 0.43479666518684595
0.8970203571193907, 0.4419892294088182

0.0, 0.0
0.33812012223818616, 0.4397998153031308
0.8964313415431279, 0.4431826371815439

0.0, 0.0
0.34708162945766075, 0.44464030044119557
0.8958407382422205, 0.4443752600062624

0.0, 0.0
0.3559235997374203, 0.4493243304440331
0.8952485482627224, 0.44556709577064607

0.0, 0.0
0.36464891400512855, 0.45385769094967204
0.8946547726534974, 0.44675814236376143

0.0, 0.0
0.37326031539762455, 0.4582457828054196
0.8940594124662181, 0.44794839767607264

0.0, 0.0
0.3817604190515321, 0.4624936568597955
0.8934624687553635, 0.4491378595994453

0.0, 0.0
0.3901517210908163, 0.4666060447760387
0.8928639425782174, 0.4503265260271503

0.0, 0.0
0.3984366068897252, 0.47058738640750886
0.8922638349948662, 0.4515143948538675

0.0, 0.0
0.4066173586820835, 0.474441854190493
0.8916621470681974, 0.45270146397568944

0.0, 0.0
0.41469616258077535, 0.4781733749401203
0.8910588798638972, 0.453887731290125

0.0, 0.0
0.42267511506489386, 0.4817856493773792
0.8904540344504496, 0.45507319469610324

0.0, 0.0
0.43055622898652185, 0.4852821696669937
0.8898476118991333, 0.45625785209397707

0.0, 0.0
0.43834143914380524, 0.48866623520599367
0.8892396132840206, 0.457441701385527

0.0, 0.0
0.44603260746255025, 0.49194096686900685
0.8886300396819751, 0.4586247404739647

0.0, 0.0
0.4536315278245235, 0.4951093198879782
0.8880188921726501, 0.459806967263937

0.0, 0.0
0.46113993057693803, 0.4981740955201229
0.8874061718384867, 0.4609883796615293

0.0, 0.0
0.46855948675464043, 0.5011379516374304
0.8867918797647113, 0.46216897557426956

0.0, 0.0
0.47589181204348574, 0.5040034123538243
0.8861760170393346, 0.46334875291113176

0.0, 0.0
0.4831384705110705, 0.5067728767911925
0.8855585847531486, 0.46452770958253975

0.0, 0.0
0.4903009781288186, 0.5094486270727834
0.8849395839997259, 0.4657058435003709

0.0, 0.0
0.49738080610750185, 0.5120328356214796
0.8843190158754166, 0.4668831525779599

0.0, 0.0
0.5043793840666204, 0.514527571831107
0.8836968814793471, 0.4680596347301022

0.0, 0.0
0.511298103056825, 0.5169348081704825
0.8830731819134179, 0.469235287873058

0.0, 0.0
0.5181383184531207, 0.5192564257731046
0.8824479182823014, 0.47041010992455573

0.0, 0.0
0.524901352735925, 0.5214942195587121
0.8818210916934408, 0.4715840988037959

0.0, 0.0
0.5315884981759972, 0.5236499029278333
0.8811927032570469, 0.47275725243145456

0.0, 0.0
0.5382010194387483, 0.5257251120654
0.8805627540860973, 0.4739295687296873

0.0, 0.0
0.5447401561229847, 0.5277214098853126
0.8799312452963335, 0.47510104562213257

0.0, 0.0
0.5512071252489865, 0.529640289643875
0.8792981780062598, 0.47627168103391576

0.0, 0.0
0.5576031237104738, 0.5314831782468802
0.8786635533371402, 0.4774414728916525

0.0, 0.0
0.563929330705373, 0.5332514392717608
0.8780273724129978, 0.47861041912345254

0.0, 0.0
0.5701869101604216, 0.5349463757235665
0.8773896363606115, 0.4797785176589234

0.0, 0.0
0.5763770131651634, 0.5365692325409562
0.8767503463095151, 0.4809457664291738

0.0, 0.0
0.5825007804316146, 0.5381211988659076
0.8761095033919942, 0.4821121633668179

0.0, 0.0
0.5885593447967684, 0.539603410088712
0.8754671087430852, 0.48327770640597834

0.0, 0.0
0.5945538337864146, 0.5410169496775397
0.8748231635005728, 0.4844423934822902

0.0, 0.0
0.6004853722601979, 0.5423628507998797
0.8741776688049879, 0.4856062225329046

0.0, 0.0
0.6063550851597027, 0.5436420977411126
0.8735306257996059, 0.48676919149649234

0.0, 0.0
0.6121641003838609, 0.544855627123173
0.8728820356304444, 0.48793129831324766

0.0, 0.0
0.6179135518184501, 0.5460043289244785
0.8722318994462613, 0.4890925409248918

0.0, 0.0
0.6236045825501672, 0.5470890472997031
0.8715802183985529, 0.4902529172746765

0.0, 0.0
0.6292383482996229, 0.548110581195775
0.8709269936415514, 0.491412425307388

0.0, 0.0
0.6348160211126229, 0.549069684757759
0.8702722263322232, 0.49257106296935027

0.0, 0.0
0.6403387933550766, 0.5499670675153425
0.8696159176302671, 0.493728828208429

0.0, 0.0
0.6458078820639993, 0.5508033943373194
0.8689580686981119, 0.49488571897403494

0.0, 0.0
0.6512245337157809, 0.5515792851377458
0.868298680700914, 0.4960417332171278

0.0, 0.0
0.6565900294836896, 0.5522953143126796
0.8676377548065561, 0.4971968688902197

0.0, 0.0
0.6619056910692841, 0.5529520098815702
0.8669752921856448, 0.49835112394737885

0.0, 0.0
0.6671728872085753, 0.5535498523005873
0.8663112940115083, 0.49950449634423316

0.0, 0.0
0.6723930409732094, 0.5540892729079893
0.8656457614601945, 0.500656984037974

0.0, 0.0
0.6775676380113633, 0.5545706519521295
0.8649786957104689, 0.5018085849873595

0.0, 0.0
0.6826982359033777, 0.5549943161413481
0.864310097943813, 0.5029592971527183

0.0, 0.0
0.687786474845219, 0.5553605356408897
0.8636399693444211, 0.5041091184959535

0.0, 0.0
0.6928340899210397, 0.5556695204242703
0.8629683110991994, 0.5052580469805459

0.0, 0.0
0.6978429252872579, 0.5559214158643193
0.8622951243977628, 0.5064060805715576

0.0, 0.0
0.702814950669483, 0.5561162974204348
0.8616204104324338, 0.5075532172356356

0.0, 0.0
0.7077522806751401, 0.5562541642424264
0.8609441703982398, 0.508699454941016

0.0, 0.0
0.7126571975581637, 0.5563349314634606
0.860266405492911, 0.5098447916575264

0.0, 0.0
0.7175321782472212, 0.5563584208930149
0.8595871169168785, 0.5109892253565906

0.0, 0.0
0.7223799266837394, 0.5563243497379835
0.8589063058732722, 0.5121327540112319

0.0, 0.0
0.727203412831997, 0.5562323168700107
0.8582239735679181, 0.5132753755960764

0.0, 0.0
0.7320059201561097, 0.5560817860072468
0.8575401212093372, 0.5144170880873568

0.0, 0.0
0.7367911039580752, 0.5558720649728953
0.8568547500087421, 0.5155578894629156

0.0, 0.0
0.7415630638147899, 0.5556022799052114
0.8561678611800362, 0.5166977777022098

0.0, 0.0
0.7463264345593683, 0.5552713428858561
0.8554794559398103, 0.5178367507863131

0.0, 0.0
0.7510865020122495, 0.5548779108645799
0.8547895355073414, 0.5189748066979202

0.0, 0.0
0.7558493522871876, 0.5544203328904419
0.8540981011045897, 0.5201119434213505

0.0, 0.0
0.7606220674851786, 0.553896581354058
0.8534051539561974, 0.521248158942551

0.0, 0.0
0.7654129868205801, 0.5533041609298697
0.8527106952894857, 0.5223834512491009

0.0, 0.0
0.770232062247713, 0.5526399857097413
0.8520147263344532, 0.5235178183302139

0.0, 0.0
0.775091354332379, 0.5519002097801701
0.8513172483237729, 0.5246512581767431

0.0, 0.0
0.7800057429499005, 0.551079987591616
0.8506182624927914, 0.5257837687811832

0.0, 0.0
0.7849939795743468, 0.5501731246711092
0.8499177700795252, 0.5269153481376752

0.0, 0.0
0.7900803075871548, 0.5491715497385186
0.8492157723246595, 0.5280459942420092

0.0, 0.0
0.7952970802352688, 0.5480644807504866
0.8485122704715459, 0.5291757050916286

0.0, 0.0
0.8006892551521783, 0.5468370320803988
0.8478072657661994, 0.5303044786856329

0.0, 0.0
0.806322746256962, 0.5454677147602712
0.8471007594572975, 0.531432313024782

0.0, 0.0
0.8123017178720584, 0.543923492047416
0.8463927527961767, 0.5325592061114991

0.0, 0.0
0.818810561083989, 0.5421485318812214
0.8456832470368312, 0.5336851559498746

0.0, 0.0
0.826246513316248, 0.5400322317632221
0.8449722434359103, 0.5348101605456695

0.0, 0.0
0.8359784250344751, 0.537268875628098
0.8442597432527161, 0.5359342179063191

0.0, 0.0
0.8446780252563679, 0.5617448375526474
0.8435457477492015, 0.5370573260409363

0.0, 0.0
0.8445531728865343, 0.6036253355719489
0.8428302581899678, 0.538179482960315

0.0, 0.0
0.8443738358910305, 0.6452422802593347
0.8421132758422627, 0.5393006866769345

0.0, 0.0
0.8441484405735605, 0.6867504755633838
0.8413948019759775, 0.5404209352049619

0.0, 0.0
0.8438809756707248, 0.7281873258647792
0.8406748378636455, 0.541540226560256

0.0, 0.0
0.843574647892411, 0.7695681769865462
0.8399533847804393, 0.5426585587603712

0.0, 0.0
0.8432323076175847, 0.8109010953708532
0.8392304440041689, 0.5437759298245606

0.0, 0.0
0.8428565572050407, 0.852191053129094
0.8385060168152791, 0.5448923377737797

0.0, 0.0
0.8424497923915866, 0.8934414909951129
0.8377801044968475, 0.5460077806306896

0.0, 0.0
0.8420142243147968, 0.9346550076451341
0.837052708334582, 0.5471222564196611

0.0, 0.0
0.8415518948177784, 0.9758336996523284
0.8363238296168184, 0.5482357631667775

0.0, 0.0
0.8410646890809617, 1.016979343146092
0.835593469634519, 0.5493482988998385

0.0, 0.0
0.8405543469979713, 1.058093496946387
0.8348616296812689, 0.5504598616483638

0.0, 0.0
0.8400224738007398, 1.099177563997219
0.834128311053275, 0.5515704494435963

0.0, 0.0
0.8394705501011831, 1.1402328294606288
0.8333935150493631, 0.5526800603185057

0.0, 0.0
0.8388999413916168, 1.181260485197666
0.8326572429709753, 0.5537886923077919

0.0, 0.0
0.838311907004141, 1.2222616460436053
0.8319194961221684, 0.5548963434478887

0.0, 0.0
0.8377076085210505, 1.263237361001952
0.8311802758096114, 0.5560030117769672

0.0, 0.0
0.8370881176323444, 1.3041886212203115
0.8304395833425826, 0.5571086953349389

0.0, 0.0
0.8364544234444252, 1.3451163658874854
0.8296974200329681, 0.5582133921634598

0.0, 0.0
0.8358074392516742, 1.3860214867632117
0.8289537871952588, 0.5593171003059334

0.0, 0.0
0.8351480087899081, 1.4269048317918194
0.8282086861465486, 0.5604198178075145

0.0, 0.0
0.8344769119949762, 1.4677672080904514
0.8274621182065318, 0.5615215427151122

0.0, 0.0
0.8337948702938418, 1.5086093845005561
0.8267140846975006, 0.562622273077394

0.0, 0.0
0.8331025514567733, 1.5494320938269097
0.8259645869443435, 0.5637220069447885

0.0, 0.0
0.8324005740407706, 1.590236034845968
0.8252136262745416, 0.5648207423694894

0.0, 0.0
0.8316895114538492, 1.6310218741384377
0.8244612040181677, 0.5659184774054592

0.0, 0.0
0.8309698956693888, 1.6717902477827253
0.8237073215078832, 0.5670152101084316

0.0, 0.0
0.8302422206184548, 1.7125417629342885
0.8229519800789354, 0.568110938535916

0.0, 0.0
0.8295069452870614, 1.7532769993078758
0.8221951810691565, 0.5692056607472005

0.0, 0.0
0.8287644965430442, 1.7939965105748394
0.8214369258189591, 0.5702993748033552

0.0, 0.0
0.8280152717163058, 1.8347008256839203
0.8206772156713361, 0.5713920787672361

0.0, 0.0
0.8272596409538432, 1.8753904501120104
0.8199160519718567, 0.5724837707034879

0.0, 0.0
0.8264979493697917, 1.9160658670497266
0.8191534360686646, 0.5735744486785478

0.0, 0.0
0.8257305190088241, 1.9567275385256548
0.8183893693124761, 0.5746641107606492

0.0, 0.0
0.8249576506397387, 1.9973759064727141
0.8176238530565764, 0.5757527550198245

0.0, 0.0
0.8241796253945308, 2.03801139373953
0.8168568886568184, 0.5768403795279091

0.0, 0.0
0.8233967062674049, 2.0786344050492964
0.81608847747162, 0.5779269823585442

0.0, 0.0
0.8226091394859326, 2.1192453279088057
0.8153186208619616, 0.5790125615871808

0.0, 0.0
0.8218171557662096, 2.1598445334698857
0.8145473201913833, 0.580097115291083

0.0, 0.0
0.8210209714628554, 2.2004323773454013
0.8137745768259834, 0.5811806415493308

0.0, 0.0
0.8202207896228789, 2.24100920038216
0.8130003921344149, 0.5822631384428243

0.0, 0.0
0.8194168009523513, 2.2815753293927
0.8122247674878841, 0.5833446040542869

0.0, 0.0
0.818609184703708, 2.3221310778480593
0.8114477042601472, 0.5844250364682682

0.0, 0.0
0.8177981094908943, 2.3626767465333627
0.8106692038275091, 0.585504433771148

0.0, 0.0
0.8169837340385204, 2.4032126241683316
0.8098892675688193, 0.5865827940511394

0.0, 0.0
0.8161662078709562, 2.443738987994438
0.809107896865471, 0.5876601153982923

0.0, 0.0
0.8153456719470439, 2.4842561043303664
0.8083250931013981, 0.5887363959044966

0.0, 0.0
0.8145222592443879, 2.524764229097715
0.8075408576630722, 0.5898116336634857

0.0, 0.0
0.8136960952985857, 2.56526360831831
0.8067551919395008, 0.59088582677084

0.0, 0.0
0.8128672987003855, 2.6057544785848665
0.8059680973222252, 0.59195897332399

0.0, 0.0
0.812035981554895, 2.6462370675063895
0.8051795752053165, 0.59303107142222

0.0, 0.0
0.8112022499060612, 2.6867115941296875
0.804389626985375, 0.5941021191666709

0.0, 0.0
0.8103662041290819, 2.727178269338427
0.8035982540615265, 0.5951721146603445

0.0, 0.0
0.8095279392936818, 2.767637296230901
0.8028054578354203, 0.5962410560081058

0.0, 0.0
0.8086875455004952, 2.808088870477803
0.8020112397112263, 0.5973089413166873

0.0, 0.0
0.8078451081930637, 2.848533180660996
0.8012156010956333, 0.5983757686946914

0.0, 0.0
0.8070007084469089, 2.8889704085946186
0.8004185433978456, 0.599441536252595

0.0, 0.0
0.8061544232382284, 2.929400729629135
0.7996200680295811, 0.6005062421027513

0.0, 0.0
0.8053063256932745, 2.9698243129397235
0.7988201764050685, 0.6015698843593944

0.0, 0.0
0.8044564853201788, 3.010241321799619
0.7980188699410453, 0.6026324611386422

0.0, 0.0
0.8036049682247668, 3.0506519138393076
0.7972161500567543, 0.6036939705584996

0.0, 0.0
0.8027518373113174, 3.0910562412924785
0.7964120181739422, 0.6047544107388622

0.0, 0.0
0.8018971524696006, 3.1314544512293816
0.7956064757168564, 0.605813779801519

0.0, 0.0
0.801040970749366, 3.171846685778309
0.7947995241122425, 0.6068720758701563

0.0, 0.0
0.8001833465228855, 3.212233082335973
0.7939911647893424, 0.6079292970703611

0.0, 0.0
0.7993243316369071, 3.252613773767259
0.7931813991798906, 0.6089854415296239

0.0, 0.0
0.7984639755545175, 3.2929888885950347
0.792370228718113, 0.6100405073773423

0.0, 0.0
0.7976023254875827, 3.333358551180596
0.7915576548407235, 0.6110944927448243

0.0, 0.0
0.7967394265207856, 3.3737228818951928
0.7907436789869213, 0.6121473957652916

0.0, 0.0
0.7958753217277627, 3.414081997283157
0.7899283025983894, 0.6131992145738832

0.0, 0.0
0.7950100522795814, 3.4544360102171607
0.789111527119291, 0.6142499473076579

0.0, 0.0
0.7941436575468395, 3.4947850300458922
0.7882933539962671, 0.6152995921055985

0.0, 0.0
0.7932761751948011, 3.5351291627347514
0.7874737846784347, 0.6163481471086145

0.0, 0.0
0.792407641273201, 3.575468510999767
0.7866528206173832, 0.6173956104595457

0.0, 0.0
0.7915380903001364, 3.6158031744352566
0.7858304632671727, 0.6184419803031654

0.0, 0.0
0.7906675553413132, 3.656133249635371
0.7850067140843305, 0.6194872547861837

0.0, 0.0
0.7897960680838179, 3.6964588303101484
0.7841815745278498, 0.6205314320572508

0.0, 0.0
0.7889236589062837, 3.7367800073960113
0.7833550460591857, 0.6215745102669599

0.0, 0.0
0.7880503569442978, 3.7770968691613143
0.7825271301422537, 0.6226164875678513

0.0, 0.0
0.7871761901524099, 3.817409501306966
0.7816978282434266, 0.6236573621144148

0.0, 0.0
0.7863011853619951, 3.857717987062643
0.7808671418315318, 0.6246971320630936

0.0, 0.0
0.7854253683364536, 3.8980224072784426
0.7800350723778493, 0.6257357955722874

0.0, 0.0
0.78454876382274, 3.938322840512674
0.7792016213561083, 0.6267733508023552

0.0, 0.0
0.7836713956000363, 3.978619363115603
0.778366790242485, 0.6278097959156191

0.0, 0.0
0.7827932865261533, 4.018912049309491
0.7775305805156003, 0.6288451290763677

0.0, 0.0
0.7819144585805676, 4.059200971265296
0.7766929936565167, 0.6298793484508587

0.0, 0.0
0.7810349329057092, 4.099486199175852
0.7758540311487354, 0.6309124522073225

0.0, 0.0
0.7801547298457614, 4.139767801325975
0.7750136944781949, 0.6319444385159657

0.0, 0.0
0.7792738689833549, 4.180045844159581
0.7741719851332669, 0.6329753055489739

0.0, 0.0
0.7783923691742726, 4.220320392343899
0.7733289046047546, 0.634005051480515

0.0, 0.0
0.777510248580291, 4.26059150883101
0.7724844543858896, 0.6350336744867429

0.0, 0.0
0.7766275247003604, 4.300859254916797
0.7716386359723297, 0.6360611727458

0.0, 0.0
0.7757442143999908, 4.3411236902973975
0.770791450862156, 0.637087544437821

0.0, 0.0
0.7748603339392905, 4.381384873123391
0.76994290055587, 0.638112787744936

0.0, 0.0
0.7739758989994638, 4.421642860051701
0.7690929865563912, 0.6391369008512735

0.0, 0.0
0.7730909247079453, 4.461897706295399
0.7682417103690548, 0.6401598819429638

0.0, 0.0
0.7722054256620624, 4.502149465671519
0.767389073501608, 0.6411817292081424

0.0, 0.0
0.7713194159519927, 4.5423981906468756
0.7665350774642087, 0.6422024408369525

0.0, 0.0
0.7704329091819035, 4.582643932382167
0.7656797237694216, 0.6432220150215494

0.0, 0.0
0.7695459184908139, 4.622886740774175
0.7648230139322162, 0.6442404499561023

0.0, 0.0
0.768658456571698, 4.663126664496457
0.763964949469964, 0.6452577438367985

0.0, 0.0
0.7677705356899502, 4.703363751038333
0.7631055319024356, 0.6462738948618464

0.0, 0.0
0.7668821677012171, 4.743598046742388
0.7622447627517984, 0.6472889012314783

0.0, 0.0
0.7659933640678607, 4.783829596840602
0.7613826435426135, 0.6483027611479543

0.0, 0.0
0.7651041358749713, 4.824058445488946
0.7605191758018333, 0.6493154728155646

0.0, 0.0
0.7642144938455079, 4.864284635800811
0.7596543610587985, 0.6503270344406333

0.0, 0.0
0.7633244483548675, 4.904508209879047
0.7587882008452356, 0.6513374442315216

0.0, 0.0
0.7624340094443587, 4.944729208846874
0.7579206966952542, 0.6523467003986304

0.0, 0.0
0.7615431868346448, 4.984947672877635
0.7570518501453443, 0.6533548011544044

0.0, 0.0
0.7606519899381194, 5.025163641223411
0.7561816627343733, 0.654361744713334

0.0, 0.0
0.7597604278707824, 5.065377152242614
0.7553101360035838, 0.6553675292919597

0.0, 0.0
0.7588685094637355, 5.1055882434265465
0.7544372714965902, 0.6563721531088749

0.0, 0.0
0.7579762432739496, 5.145796951425017
0.7535630707593765, 0.6573756143847282

0.0, 0.0
0.7570836375949023, 5.186003312070972
0.7526875353402933, 0.658377911342228

0.0, 0.0
0.7561907004661916, 5.226207360404365
0.7518106667900555, 0.6593790422061443

0.0, 0.0
0.7552974396830794, 5.2664091306950755
0.7509324666617385, 0.6603790052033128

0.0, 0.0
0.7544038628059165, 5.306608656464972
0.7500529365107766, 0.6613777985626376

0.0, 0.0
0.7535099771683234, 5.34680597050934
0.74917207789496, 0.6623754205150943

0.0, 0.0
0.7526157898857638, 5.38700110491747
0.7482898923744311, 0.6633718692937335

0.0, 0.0
0.7517213078633683, 5.427194091092582
0.7474063815116833, 0.6643671431336834

0.0, 0.0
0.7508265378035953, 5.467384959770934
0.7465215468715566, 0.6653612402721534

0.0, 0.0
0.749931486213522, 5.507573741040437
0.7456353900212364, 0.666354158948437

0.0, 0.0
0.7490361594117511, 5.547760464358574
0.7447479125302492, 0.6673458974039147

0.0, 0.0
0.7481405635351164, 5.587945158569624
0.7438591159704613, 0.6683364538820578

0.0, 0.0
0.7472447045449395, 5.6281278519215165
0.7429690019160745, 0.6693258266284307

0.0, 0.0
0.7463485882334651, 5.668308572081844
0.7420775719436249, 0.6703140138906946

0.0, 0.0
0.7454522202294702, 5.708487346153595
0.7411848276319787, 0.6713010139186102

0.0, 0.0
0.744555606003886, 5.748664200690215
0.7402907705623302, 0.6722868249640412

0.0, 0.0
0.7436587508754625, 5.788839161710211
0.7393954023181989, 0.6732714452809571

0.0, 0.0
0.7427616600156377, 5.829012254711323
0.7384987244854265, 0.6742548731254362

0.0, 0.0
0.7418643384538028, 5.869183504684151
0.7376007386521743, 0.6752371067556691

0.0, 0.0
0.7409667910818455, 5.90935293612542
0.7367014464089201, 0.6762181444319614

0.0, 0.0
0.7400690226587848, 5.94952057305082
0.7358008493484557, 0.677197984416737

0.0, 0.0
0.7391710378154014, 5.98968643900731
0.7348989490658838, 0.6781766249745411

0.0, 0.0
0.7382728410581466, 6.029850557085202
0.7339957471586157, 0.6791540643720433

0.0, 0.0
0.7373744367734941, 6.070012949929777
0.7330912452263676, 0.6801303008780404

0.0, 0.0
0.7364758292316617, 6.110173639752522
0.7321854448711584, 0.6811053327634602

0.0, 0.0
0.7355770225904932, 6.150332648342069
0.7312783476973069, 0.6820791583013636

0.0, 0.0
0.7346780208989856, 6.190489997074794
0.7303699553114287, 0.6830517757669484

0.0, 0.0
0.7337788281008223, 6.230645706925012
0.7294602693224334, 0.6840231834375521

0.0, 0.0
0.7328794480377361, 6.27079979847494
0.7285492913415216, 0.6849933795926547

0.0, 0.0
0.7319798844527682, 6.310952291924327
0.7276370229821824, 0.6859623625138824

0.0, 0.0
0.7310801409930765, 6.351103207099834
0.7267234658601904, 0.6869301304850098

0.0, 0.0
0.7301802212134624, 6.391252563464014
0.7258086215936029, 0.6878966817919636

0.0, 0.0
0.7292801285787831, 6.431400380124183
0.7248924918027567, 0.6888620147228255

0.0, 0.0
0.7283798664668798, 6.47154667584091
0.7239750781102656, 0.6898261275678348

0.0, 0.0
0.7274794381713576, 6.511691469036281
0.7230563821410174, 0.6907890186193921

0.0, 0.0
0.7265788469040186, 6.5518347778019645
0.722136405522171, 0.691750686172062

0.0, 0.0
0.7256780957973887, 6.59197661990698
0.7212151498831534, 0.6927111285225758

0.0, 0.0
0.7247771879070738, 6.632117012805307
0.7202926168556573, 0.6936703439698352

0.0, 0.0
0.7238761262141732, 6.672255973643183
0.7193688080736373, 0.6946283308149145

0.0, 0.0
0.7229749136273286, 6.712393519266296
0.7184437251733082, 0.6955850873610646

0.0, 0.0
0.7220735529851384, 6.752529666226698
0.7175173697931413, 0.696540611913715

0.0, 0.0
0.7211720470578846, 6.792664430789541
0.7165897435738612, 0.6974949027804777

0.0, 0.0
0.7202703985498008, 6.832797828939612
0.7156608481584439, 0.698447958271149

0.0, 0.0
0.7193686101009249, 6.872929876387728
0.7147306851921131, 0.6993997766977141

0.0, 0.0
0.7184666842890238, 6.913060588576906
0.7137992563223378, 0.700350356374349

0.0, 0.0
0.7175646236312303, 6.95318998068837
0.7128665631988286, 0.7012996956174233

0.0, 0.0
0.7166624305857698, 6.993318067647409
0.7119326074735358, 0.7022477927455041

0.0, 0.0
0.7157601075539691, 7.033444864129011
0.7109973908006457, 0.7031946460793582

0.0, 0.0
0.7148576568815217, 7.073570384563507
0.7100609148365782, 0.7041402539419556

0.0, 0.0
0.7139550808603694, 7.11369464314181
0.7091231812399833, 0.7050846146584719

0.0, 0.0
0.71305238172964, 7.153817653820794
0.7081841916717386, 0.706027726556292

0.0, 0.0
0.7121495616780481, 7.193939430328213
0.7072439477949463, 0.7069695879650124

0.0, 0.0
0.7112466228442776, 7.23405998616782
0.70630245127493, 0.7079101972164443

0.0, 0.0
0.7103435673191307, 7.274179334624088
0.7053597037792322, 0.7088495526446171

0.0, 0.0
0.709440397146503, 7.3142974887669325
0.7044157069776108, 0.7097876525857806

0.0, 0.0
0.7085371143247488, 7.354414461456285
0.7034704625420367, 0.7107244953784082

0.0, 0.0
0.7076337208078783, 7.394530265346529
0.7025239721466903, 0.7116600793632002

0.0, 0.0
0.7067302185068836, 7.434644912890846
0.7015762374679589, 0.7125944028830862

0.0, 0.0
0.7058266092906205, 7.474758416345441
0.7006272601844338, 0.7135274642832284

0.0, 0.0
0.7049228949872579, 7.514870787773647
0.6996770419769067, 0.7144592619110245

0.0, 0.0
0.704019077385218, 7.5549820390499
0.6987255845283679, 0.7153897941161103

