0.0, 0.0
0.008419027157715883, 0.014491746240321122
0.9999999999964577, 2.661699999996857e-06

0.0, 0.0
0.019093838749952203, 0.024271885831714145
0.9999999638647588, 0.00026883169676190054

0.0, 0.0
0.02797218353682104, 0.03168484402616924
0.9999998568865939, 0.0005350016744780278

0.0, 0.0
0.03587926951715768, 0.037987351731461935
0.9999996790619707, 0.0008011716142911759

0.0, 0.0
0.043137975983823094, 0.04360071007071987
0.9999994303909018, 0.0010673414973441445

0.0, 0.0
0.04991820185378036, 0.04872948094495856
0.9999991108734048, 0.0013335113047797374

0.0, 0.0
0.056323581694130494, 0.05349189659603331
0.9999987205095022, 0.0015996810177407634

0.0, 0.0
0.062423340950787165, 0.0579638307830715
0.9999982592992218, 0.001865850617370039

0.0, 0.0
0.06826668012922871, 0.062197530624917195
0.9999977272425963, 0.002132020084810387

0.0, 0.0
0.07389018587054215, 0.06623085366053275
0.9999971243396633, 0.0023981894012046418

0.0, 0.0
0.07932202069298959, 0.07009231050672676
0.9999964505904655, 0.002664358547695647

0.0, 0.0
0.08458446154992813, 0.07380403312328604
0.9999957059950507, 0.0029305275054262577

0.0, 0.0
0.08969552310967338, 0.0773836268425805
0.9999948905534717, 0.003196696255539344

0.0, 0.0
0.09467004159398398, 0.08084538093695845
0.9999940042657861, 0.0034628647791777904

0.0, 0.0
0.0995204245617611, 0.08420109057127431
0.999993047132057, 0.003729033057484496

0.0, 0.0
0.10425718520931462, 0.08746063287420766
0.9999920191523518, 0.003995201071602379

0.0, 0.0
0.10888933282472214, 0.09063238167429674
0.9999909203267435, 0.004261368802674374

0.0, 0.0
0.113424664370187, 0.0937235130488269
0.9999897506553102, 0.004527536231843439

0.0, 0.0
0.11786998636891638, 0.09674023498166856
0.9999885101381344, 0.004793703340252551

0.0, 0.0
0.12223128657017485, 0.0996879630338547
0.9999871987753042, 0.00505987010904471

0.0, 0.0
0.12651386871720188, 0.10257145681711136
0.9999858165669123, 0.0053260365193629425

0.0, 0.0
0.13072245973751853, 0.10539492748946279
0.9999843635130569, 0.005592202552350295

0.0, 0.0
0.13486129600226854, 0.1081621234793423
0.9999828396138407, 0.005858368189149847

0.0, 0.0
0.13893419347847774, 0.11087639961377226
0.9999812448693719, 0.0061245334109047

0.0, 0.0
0.1429446053307347, 0.11354077342921241
0.9999795792797633, 0.006390698198757991

0.0, 0.0
0.1468956696320165, 0.11615797146509603
0.9999778428451329, 0.006656862533852882

0.0, 0.0
0.15079024919867745, 0.11873046764314701
0.9999760355656039, 0.006923026397332574

0.0, 0.0
0.15463096509438518, 0.12126051533174342
0.9999741574413041, 0.007189189770340292

0.0, 0.0
0.15842022500022404, 0.12375017432528918
0.9999722084723667, 0.007455352634019304

0.0, 0.0
0.1621602473881682, 0.12620133369444947
0.9999701886589297, 0.007721514969512911

0.0, 0.0
0.16585308223838313, 0.12861573125725184
0.9999680980011364, 0.007987676757964452

0.0, 0.0
0.16950062889042178, 0.13099497026481075
0.9999659364991347, 0.008253837980517303

0.0, 0.0
0.17310465150228688, 0.13334053377563274
0.9999637041530777, 0.00851999861831488

0.0, 0.0
0.17666679250091916, 0.13565379709976863
0.9999614009631237, 0.008786158652500644

0.0, 0.0
0.1801885843366639, 0.13793603862172352
0.9999590269294358, 0.009052318064218098

0.0, 0.0
0.18367145979806568, 0.1401884492541029
0.9999565820521823, 0.009318476834610784

0.0, 0.0
0.18711676109853234, 0.1424121407288413
0.9999540663315363, 0.009584634944822295

0.0, 0.0
0.19052574791043006, 0.1446081528968147
0.9999514797676761, 0.009850792375996268

0.0, 0.0
0.19389960449310667, 0.14677746017766952
0.9999488223607848, 0.010116949109276388

0.0, 0.0
0.1972394460377036, 0.14892097727826764
0.9999460941110508, 0.010383105125806395

0.0, 0.0
0.2005463243322976, 0.1510395642790768
0.9999432950186674, 0.01064926040673007

0.0, 0.0
0.20382123283502784, 0.15313403117223082
0.9999404250838329, 0.010915414933191253

0.0, 0.0
0.20706511122973384, 0.15520514192215107
0.9999374843067504, 0.011181568686333836

0.0, 0.0
0.21027884952772938, 0.15725361810900026
0.9999344726876286, 0.011447721647301767

0.0, 0.0
0.21346329177024723, 0.15928014220643077
0.9999313902266806, 0.011713873797239047

0.0, 0.0
0.21661923937846148, 0.16128536053772127
0.999928236924125, 0.011980025117289734

0.0, 0.0
0.2197474541915878, 0.163269885948233
0.9999250127801851, 0.01224617558859795

0.0, 0.0
0.22284866122814087, 0.16523430022692637
0.9999217177950892, 0.012512325192307874

0.0, 0.0
0.22592355120082983, 0.16717915630528346
0.9999183519690709, 0.012778473909563746

0.0, 0.0
0.22897278281166913, 0.16910498025827178
0.9999149153023684, 0.013044621721509869

0.0, 0.0
0.2319969848505315, 0.17101227312880846
0.9999114077952256, 0.013310768609290608

0.0, 0.0
0.2349967581175127, 0.17290151259448558
0.9999078294478907, 0.0135769145540504

0.0, 0.0
0.2379726771870117, 0.1747731544929889
0.9999041802606172, 0.013843059536933744

0.0, 0.0
0.2409252920293092, 0.17662763422066327
0.9999004602336637, 0.014109203539085206

0.0, 0.0
0.24385512950358604, 0.17846536801694432
0.9998966693672939, 0.014375346541649422

0.0, 0.0
0.24676269473473342, 0.1802867541458989
0.9998928076617761, 0.014641488525771105

0.0, 0.0
0.24964847238491844, 0.1820921739848223
0.9998888751173841, 0.014907629472595031

0.0, 0.0
0.25251292782966084, 0.1838819930287256
0.9998848717343964, 0.015173769363266058

0.0, 0.0
0.2553565082471167, 0.1856565618185577
0.9998807975130967, 0.01543990817892911

0.0, 0.0
0.2581796436283432, 0.18741621680016407
0.9998766524537736, 0.015706045900729194

0.0, 0.0
0.2609827477155006, 0.1891612811202281
0.9998724365567206, 0.015972182509811392

0.0, 0.0
0.26376621887423013, 0.19089206536478465
0.9998681498222366, 0.016238317987320866

0.0, 0.0
0.266530440905819, 0.1926088682453194
0.9998637922506253, 0.016504452314402854

0.0, 0.0
0.2692757838041989, 0.19431197723695295
0.9998593638421953, 0.016770585472202684

0.0, 0.0
0.27200260446233077, 0.1960016691727608
0.9998548645972605, 0.01703671744186576

0.0, 0.0
0.27471124733209007, 0.1976782107978774
0.9998502945161394, 0.017302848204537567

0.0, 0.0
0.2774020450413716, 0.19934185928668238
0.999845653599156, 0.017568977741363685

0.0, 0.0
0.28007531897178933, 0.20099286272604347
0.999840941846639, 0.017835106033489777

0.0, 0.0
0.2827313798000261, 0.20263146056732032
0.9998361592589222, 0.018101233062061593

0.0, 0.0
0.28537052800562207, 0.20425788404957326
0.9998313058363445, 0.018367358808224966

0.0, 0.0
0.28799305434772837, 0.20587235659619924
0.9998263815792497, 0.018633483253125836

0.0, 0.0
0.2905992403131373, 0.2074750941870229
0.9998213864879867, 0.01889960637791022

0.0, 0.0
0.2931893585376928, 0.20906630570767878
0.9998163205629093, 0.01916572816372424

0.0, 0.0
0.2957636732030112, 0.2106461932779683
0.9998111838043765, 0.0194318485917141

0.0, 0.0
0.2983224404102687, 0.21221495256072861
0.9998059762127521, 0.019697967643026112

0.0, 0.0
0.3008659085326748, 0.21377277305261344
0.9998006977884052, 0.01996408529880668

0.0, 0.0
0.3033943185481081, 0.21531983835807136
0.9997953485317097, 0.020230201540202306

0.0, 0.0
0.3059079043532792, 0.21685632644770517
0.9997899284430445, 0.020496316348359606

0.0, 0.0
0.30840689306066627, 0.21838240990208585
0.9997844375227936, 0.020762429704425267

0.0, 0.0
0.310891505279378, 0.21989825614202174
0.9997788757713462, 0.021028541589546108

0.0, 0.0
0.31336195538100525, 0.22140402764619674
0.999773243189096, 0.021294651984869038

0.0, 0.0
0.31581845175143575, 0.22289988215701176
0.9997675397764424, 0.02156076087154108

0.0, 0.0
0.3182611970295378, 0.22438597287541673
0.9997617655337891, 0.021826868230709357

0.0, 0.0
0.3206903883335497, 0.22586244864544283
0.9997559204615456, 0.022092974043521098

0.0, 0.0
0.3231062174759449, 0.22732945412909572
0.9997500045601257, 0.022359078291123654

0.0, 0.0
0.32550887116749033, 0.228787129972226
0.9997440178299487, 0.022625180954664474

0.0, 0.0
0.3278985312111588, 0.2302356129619408
0.9997379602714386, 0.022891282015291125

0.0, 0.0
0.33027537468651486, 0.23167503617607973
0.9997318318850246, 0.023157381454151284

0.0, 0.0
0.3326395741251411, 0.23310552912524463
0.9997256326711408, 0.02342347925239275

0.0, 0.0
0.33499129767764, 0.23452721788783196
0.9997193626302265, 0.02368957539116343

0.0, 0.0
0.3373307092727023, 0.235940225238488
0.9997130217627259, 0.023955669851611353

0.0, 0.0
0.3396579687687055, 0.2373446707703779
0.9997066100690883, 0.02422176261488467

0.0, 0.0
0.34197323209826613, 0.23874067101162902
0.9997001275497678, 0.024487853662131638

0.0, 0.0
0.344276651406151, 0.2401283395362883
0.9996935742052238, 0.024753942974500658

0.0, 0.0
0.34656837518091654, 0.24150778707010703
0.9996869500359203, 0.02502003053314024

0.0, 0.0
0.34884854838062584, 0.2428791215914461
0.9996802550423269, 0.025286116319199015

0.0, 0.0
0.3511173125529682, 0.2442424484275789
0.9996734892249179, 0.025552200313825747

0.0, 0.0
0.35337480595008797, 0.2455978703466441
0.9996666525841725, 0.025818282498169327

0.0, 0.0
0.3556211636384047, 0.2469454876454888
0.9996597451205752, 0.026084362853378767

0.0, 0.0
0.35785651760369314, 0.24828539823362614
0.9996527668346151, 0.026350441360603216

0.0, 0.0
0.36008099685167255, 0.24961769771351594
0.9996457177267869, 0.026616518000991952

0.0, 0.0
0.3622947275043414, 0.25094247945736686
0.9996385977975898, 0.026882592755694386

0.0, 0.0
0.3644978328922741, 0.25225983468064006
0.9996314070475283, 0.02714866560586006

0.0, 0.0
0.36669043364309156, 0.2535698525124304
0.9996241454771119, 0.027414736532638647

0.0, 0.0
0.3688726477662945, 0.2548726200628846
0.9996168130868548, 0.027680805517179975

0.0, 0.0
0.37104459073464713, 0.2561682224878102
0.9996094098772768, 0.02794687254063398

0.0, 0.0
0.3732063755622784, 0.25745674305061567
0.9996019358489022, 0.028212937584150763

0.0, 0.0
0.3753581128796653, 0.2587382631817198
0.9995943910022606, 0.028479000628880553

0.0, 0.0
0.3774999110056514, 0.2600128625355515
0.9995867753378864, 0.02874506165597372

0.0, 0.0
0.37963187601664056, 0.261280619045265
0.9995790888563193, 0.029011120646580783

0.0, 0.0
0.3817541118131046, 0.2625416089752752
0.9995713315581038, 0.029277177581852405

0.0, 0.0
0.38386672018353163, 0.2637959069717272
0.9995635034437894, 0.029543232442939382

0.0, 0.0
0.3859698008659352, 0.2650435861109922
0.9995556045139308, 0.02980928521099268

0.0, 0.0
0.388063451607036, 0.26628471794628755
0.9995476347690876, 0.03007533586716339

0.0, 0.0
0.39014776821923, 0.26751937255250774
0.9995395942098243, 0.030341384392602765

0.0, 0.0
0.39222284463543805, 0.26874761856935186
0.9995314828367108, 0.03060743076846221

0.0, 0.0
0.3942887729619347, 0.2699695232428257
0.9995233006503215, 0.03087347497589327

0.0, 0.0
0.39634564352925317, 0.2711851524651925
0.9995150476512361, 0.03113951699604766

0.0, 0.0
0.3983935449412422, 0.2723945708134448
0.9995067238400395, 0.03140555681007724

0.0, 0.0
0.40043256412236533, 0.27359784158636136
0.9994983292173213, 0.031671594399134036

0.0, 0.0
0.4024627863633162, 0.27479502684021734
0.9994898637836761, 0.031937629744370206

0.0, 0.0
0.4044842953650241, 0.27598618742320274
0.9994813275397039, 0.03220366282693811

0.0, 0.0
0.4064971732811182, 0.2771713830086084
0.9994727204860093, 0.032469693627990216

0.0, 0.0
0.4085015007589188, 0.2783506721268346
0.9994640426232021, 0.03273572212867921

0.0, 0.0
0.41049735697901374, 0.27952411219627
0.999455293951897, 0.03300174831015789

0.0, 0.0
0.4124848196934881, 0.2806917595530932
0.9994464744727141, 0.03326777215357925

0.0, 0.0
0.4144639652628531, 0.2818536694800398
0.9994375841862779, 0.03353379364009643

0.0, 0.0
0.41643486869173685, 0.2830098962341825
0.9994286230932186, 0.03379981275086277

0.0, 0.0
0.4183976036633814, 0.28416049307376073
0.9994195911941706, 0.03406582946703174

0.0, 0.0
0.4203522425730006, 0.28530551228410345
0.9994104884897742, 0.03433184376975699

0.0, 0.0
0.42229885656004074, 0.28644500520268135
0.999401314980674, 0.03459785564019236

0.0, 0.0
0.4242375155393914, 0.2875790222433239
0.9993920706675201, 0.03486386505949183

0.0, 0.0
0.42616828823158376, 0.28870761291963626
0.9993827555509674, 0.03512987200880959

0.0, 0.0
0.4280912421920231, 0.2898308258676467
0.9993733696316758, 0.035395876469299974

0.0, 0.0
0.43000644383928616, 0.2909487088677168
0.9993639129103102, 0.03566187842211752

0.0, 0.0
0.4319139584825273, 0.2920613088657431
0.9993543853875407, 0.03592787784841691

0.0, 0.0
0.4338138503480211, 0.29316867199367946
0.9993447870640422, 0.036193874729353044

0.0, 0.0
0.43570618260488114, 0.2942708435894043
0.9993351179404948, 0.03645986904608098

0.0, 0.0
0.4375910173899783, 0.29536786821596084
0.9993253780175834, 0.03672586077975593

0.0, 0.0
0.4394684158321002, 0.296459789680194
0.9993155672959981, 0.03699184991153336

0.0, 0.0
0.44133843807536843, 0.2975466510508048
0.9993056857764341, 0.03725783642256885

0.0, 0.0
0.4432011433019489, 0.29862849467584723
0.9992957334595911, 0.03752382029401822

0.0, 0.0
0.44505658975408047, 0.2997053621996898
0.9992857103461745, 0.037789801507037424

0.0, 0.0
0.44690483475544307, 0.3007772945794552
0.9992756164368944, 0.03805578004278265

0.0, 0.0
0.4487459347318963, 0.301844332100966
0.9992654517324658, 0.038321755882410255

0.0, 0.0
0.4505799452316057, 0.30290651439421196
0.9992552162336089, 0.03858772900707679

0.0, 0.0
0.45240692094457785, 0.3039638804483493
0.9992449099410488, 0.03885369939793901

0.0, 0.0
0.45422691572163376, 0.3050164686262627
0.9992345328555156, 0.03911966703615383

0.0, 0.0
0.45603998259283063, 0.30606431667869277
0.9992240849777446, 0.03938563190287839

0.0, 0.0
0.45784617378535836, 0.30710746175795345
0.999213566308476, 0.03965159397927002

0.0, 0.0
0.45964554074092423, 0.3081459404312495
0.9992029768484549, 0.03991755324648625

0.0, 0.0
0.46143813413264945, 0.30917978869361096
0.9991923165984317, 0.0401835096856848

0.0, 0.0
0.46322400388148877, 0.3102090419804552
0.9991815855591615, 0.0404494632780236

0.0, 0.0
0.4650031991721944, 0.31123373517979275
0.9991707837314044, 0.04071541400466077

0.0, 0.0
0.4667757684688347, 0.31225390264408726
0.9991599111159261, 0.04098136184675465

0.0, 0.0
0.46854175952988747, 0.31326957820178036
0.9991489677134966, 0.041247306785463775

0.0, 0.0
0.4703012194229201, 0.3142807951685001
0.9991379535248912, 0.04151324880194687

0.0, 0.0
0.4720541945388698, 0.31528758635795084
0.9991268685508903, 0.0417791878773629

0.0, 0.0
0.47380073060593936, 0.3162899840925107
0.9991157127922792, 0.042045123992871004

0.0, 0.0
0.47554087270312057, 0.3172880202135332
0.9991044862498483, 0.04231105712963056

0.0, 0.0
0.4772746652733534, 0.31828172609137145
0.9990931889243928, 0.04257698726880114

0.0, 0.0
0.4790021521363409, 0.3192711326351321
0.9990818208167132, 0.04284291439154254

0.0, 0.0
0.48072337650102226, 0.32025627030216114
0.9990703819276149, 0.04310883847901475

0.0, 0.0
0.48243838097772446, 0.32123716910728617
0.9990588722579082, 0.04337475951237799

0.0, 0.0
0.48414720758999263, 0.3222138586318049
0.9990472918084087, 0.04364067747279271

0.0, 0.0
0.4858498977861174, 0.323186368032242
0.9990356405799367, 0.04390659234141953

0.0, 0.0
0.4875464924503657, 0.3241547260488734
0.9990239185733176, 0.044172504099419356

0.0, 0.0
0.48923703191392354, 0.32511896101402943
0.999012125789382, 0.04443841272795326

0.0, 0.0
0.4909215559655623, 0.32607910086018294
0.9990002622289653, 0.04470431820818255

0.0, 0.0
0.49260010386203373, 0.32703517312783076
0.9989883278929081, 0.04497022052126877

0.0, 0.0
0.4942727143382065, 0.327987204973171
0.9989763227820557, 0.045236119648373686

0.0, 0.0
0.4959394256169477, 0.32893522317558666
0.9989642468972588, 0.04550201557065927

0.0, 0.0
0.4976002754187623, 0.3298792541449401
0.9989521002393729, 0.04576790826928775

0.0, 0.0
0.49925530097119075, 0.3308193239286836
0.9989398828092584, 0.04603379772542155

0.0, 0.0
0.500904539017978, 0.3317554582187919
0.998927594607781, 0.04629968392022336

0.0, 0.0
0.5025480258280209, 0.3326876823585246
0.9989152356358114, 0.04656556683485606

0.0, 0.0
0.5041857972040968, 0.33361602134901863
0.9989028058942249, 0.0468314464504828

0.0, 0.0
0.5058178884913807, 0.3345404998557217
0.9988903053839023, 0.04709732274826696

0.0, 0.0
0.5074443345857612, 0.33546114221466733
0.9988777341057291, 0.04736319570937211

0.0, 0.0
0.5090651699419567, 0.33637797243859746
0.998865092060596, 0.04762906531496212

0.0, 0.0
0.510680428581438, 0.3372910142229355
0.9988523792493987, 0.047894931546201044

0.0, 0.0
0.5122901441001675, 0.3382002909516223
0.9988395956730378, 0.048160794384253226

0.0, 0.0
0.5138943496761534, 0.3391058257028056
0.998826741332419, 0.048426653810283195

0.0, 0.0
0.5154930780768303, 0.34000764125439814
0.9988138162284529, 0.04869250980545576

0.0, 0.0
0.5170863616662682, 0.3409057600895037
0.9988008203620552, 0.04895836235093597

0.0, 0.0
0.5186742324122139, 0.3418002044017171
0.9987877537341467, 0.0492242114278891

0.0, 0.0
0.5202567218929753, 0.3426909961002995
0.9987746163456531, 0.049490057017480694

0.0, 0.0
0.5218338613041391, 0.34357815681523074
0.9987614081975051, 0.049755899100876515

0.0, 0.0
0.5234056814651511, 0.34446170790215225
0.9987481292906385, 0.0500217376592426

0.0, 0.0
0.5249722128257328, 0.34534167044718955
0.998734779625994, 0.05028757267374522

0.0, 0.0
0.5265334854721628, 0.34621806527166676
0.9987213592045174, 0.05055340412555092

0.0, 0.0
0.5280895291334172, 0.3470909129367167
0.9987078680271596, 0.05081923199582646

0.0, 0.0
0.5296403731871696, 0.34796023374778223
0.9986943060948762, 0.051085056265738886

0.0, 0.0
0.5311860466656645, 0.3488260477590203
0.9986806734086282, 0.051350876916455485

0.0, 0.0
0.532726578261456, 0.34968837477760534
0.9986669699693813, 0.051616693929143795

0.0, 0.0
0.5342619963330232, 0.35054723436793717
0.9986531957781064, 0.05188250728497163

0.0, 0.0
0.5357923289102652, 0.3514026458557585
0.9986393508357794, 0.052148316965107036

0.0, 0.0
0.5373176036998744, 0.35225462833217674
0.998625435143381, 0.052414122950718366

0.0, 0.0
0.5388378480905961, 0.353103200657603
0.9986114487018972, 0.05267992522297417

0.0, 0.0
0.5403530891583753, 0.35394838146560165
0.9985973915123189, 0.05294572376304332

0.0, 0.0
0.5418633536713923, 0.3547901891666585
0.998583263575642, 0.053211518552094925

0.0, 0.0
0.5433686680949911, 0.3556286419518663
0.9985690648928673, 0.05347730957129835

0.0, 0.0
0.5448690585965081, 0.35646375779653294
0.9985547954650009, 0.05374309680182326

0.0, 0.0
0.5463645510499944, 0.3572955544637104
0.9985404552930537, 0.05400888022483954

0.0, 0.0
0.547855171040842, 0.3581240495076511
0.9985260443780415, 0.0542746598215174

0.0, 0.0
0.5493409438703132, 0.35894926027718954
0.9985115627209854, 0.05454043557302728

0.0, 0.0
0.5508218945599772, 0.35977120391905454
0.9984970103229114, 0.05480620746053991

0.0, 0.0
0.5522980478560532, 0.36058989738110886
0.9984823871848504, 0.05507197546522628

0.0, 0.0
0.553769428233668, 0.36140535741552604
0.9984676933078385, 0.055337739568257695

0.0, 0.0
0.5552360599010224, 0.36221760058189756
0.9984529286929165, 0.05560349975080568

0.0, 0.0
0.5566979668034768, 0.3630266432502785
0.9984380933411305, 0.05586925599404207

0.0, 0.0
0.5581551726275537, 0.36383250160416875
0.9984231872535317, 0.05613500827913898

0.0, 0.0
0.5596077008048571, 0.3646351916434352
0.9984082104311761, 0.05640075658726879

0.0, 0.0
0.5610555745159164, 0.36543472918717324
0.9983931628751247, 0.056666500899604184

0.0, 0.0
0.5624988166939531, 0.3662311298765108
0.9983780445864434, 0.0569322411973181

0.0, 0.0
0.5639374500285723, 0.3670244091773563
0.9983628555662035, 0.05719797746158379

0.0, 0.0
0.565371496969381, 0.3678145823830902
0.998347595815481, 0.05746370967357477

0.0, 0.0
0.5668009797295385, 0.36860166461720656
0.9983322653353571, 0.05772943781446485

0.0, 0.0
0.5682259202892315, 0.3693856708358976
0.9983168641269178, 0.05799516186542814

0.0, 0.0
0.5696463403990883, 0.37016661583058974
0.9983013921912542, 0.05826088180763902

0.0, 0.0
0.571062261583522, 0.37094451423043046
0.9982858495294625, 0.05852659762227218

0.0, 0.0
0.5724737051440113, 0.3717193805047236
0.9982702361426439, 0.058792309290502574

0.0, 0.0
0.5738806921623196, 0.3724912289653204
0.9982545520319044, 0.05905801679350549

0.0, 0.0
0.5752832435036497, 0.37326007376896336
0.9982387971983552, 0.05932372011245648

0.0, 0.0
0.5766813798197404, 0.3740259289195831
0.9982229716431126, 0.0595894192285314

0.0, 0.0
0.5780751215519054, 0.37478880827055355
0.9982070753672977, 0.0598551141229064

0.0, 0.0
0.5794644889340113, 0.37554872552690216
0.9981911083720366, 0.060120804776757956

0.0, 0.0
0.5808495019954046, 0.3763056942474795
0.9981750706584607, 0.06038649117126282

0.0, 0.0
0.5822301805637811, 0.37705972784708724
0.9981589622277061, 0.06065217328759802

0.0, 0.0
0.5836065442680035, 0.3778108395985663
0.998142783080914, 0.06091785110694095

0.0, 0.0
0.5849786125408618, 0.3785590426348426
0.9981265332192307, 0.061183524610469255

0.0, 0.0
0.5863464046217937, 0.37930434995094126
0.9981102126438075, 0.061449193779360915

0.0, 0.0
0.5877099395595435, 0.3800467744059577
0.9980938213558005, 0.0617148585947942

0.0, 0.0
0.5890692362147789, 0.38078632872499285
0.998077359356371, 0.061980519037947705

0.0, 0.0
0.5904243132626601, 0.3815230255010563
0.9980608266466854, 0.06224617509000032

0.0, 0.0
0.591775189195359, 0.38225687719692913
0.9980442232279149, 0.06251182673213125

0.0, 0.0
0.5931218823245361, 0.382987896146998
0.9980275491012358, 0.06277747394552002

0.0, 0.0
0.594464410783772, 0.38371609455905253
0.9980108042678293, 0.06304311671134648

0.0, 0.0
0.5958027925309558, 0.38444148451605
0.9979939887288819, 0.06330875501079074

0.0, 0.0
0.59713704535063, 0.3851640779778508
0.9979771024855848, 0.06357438882503327

0.0, 0.0
0.5984671868562953, 0.3858838867829197
0.9979601455391344, 0.06384001813525489

0.0, 0.0
0.5997932344926734, 0.38660092264999935
0.997943117890732, 0.06410564292263668

0.0, 0.0
0.6011152055379303, 0.38731519717975127
0.9979260195415839, 0.06437126316836003

0.0, 0.0
0.6024331171058633, 0.38802672185637144
0.9979088504929016, 0.06463687885360674

0.0, 0.0
0.6037469861480441, 0.38873550804917145
0.9978916107459013, 0.06490248995955884

0.0, 0.0
0.6050568294559318, 0.38944156701413746
0.9978743003018045, 0.06516809646739873

0.0, 0.0
0.6063626636629444, 0.3901449098954617
0.9978569191618375, 0.06543369835830913

0.0, 0.0
0.6076645052464957, 0.3908455477270411
0.9978394673272317, 0.06569929561347307

0.0, 0.0
0.6089623705299998, 0.39154349143395717
0.9978219447992236, 0.06596488821407395

0.0, 0.0
0.6102562756848374, 0.3922387518339261
0.9978043515790544, 0.06623047614129546

0.0, 0.0
0.6115462367322921, 0.39293133963872573
0.9977866876679709, 0.06649605937632161

0.0, 0.0
0.6128322695454523, 0.3936212654555955
0.997768953067224, 0.06676163790033679

0.0, 0.0
0.6141143898510816, 0.3943085397886165
0.9977511477780706, 0.0670272116945257

0.0, 0.0
0.6153926132314576, 0.3949931730400647
0.9977332718017718, 0.06729278074007337

0.0, 0.0
0.6166669551261805, 0.3956751755117413
0.9977153251395944, 0.06755834501816517

0.0, 0.0
0.6179374308339496, 0.39635455740628367
0.9976973077928095, 0.06782390450998682

0.0, 0.0
0.6192040555143147, 0.3970313288284508
0.9976792197626939, 0.06808945919672434

0.0, 0.0
0.620466844189393, 0.3977054997863886
0.9976610610505288, 0.06835500905956414

0.0, 0.0
0.6217258117455609, 0.3983770801928723
0.9976428316576008, 0.06862055407969293

0.0, 0.0
0.6229809729351207, 0.39904607986653523
0.9976245315852014, 0.06888609423829783

0.0, 0.0
0.624232342377933, 0.39971250853306584
0.9976061608346269, 0.06915162951656621

0.0, 0.0
0.6254799345630312, 0.4003763758263951
0.9975877194071792, 0.06941715989568584

0.0, 0.0
0.6267237638502019, 0.4010376912898579
0.9975692073041644, 0.06968268535684485

0.0, 0.0
0.6279638444715457, 0.4016964643773398
0.9975506245268942, 0.0699482058812317

0.0, 0.0
0.6292001905330088, 0.402352704454402
0.9975319710766852, 0.07021372145003515

0.0, 0.0
0.6304328160158935, 0.40300642079938925
0.9975132469548589, 0.07047923204444442

0.0, 0.0
0.6316617347783426, 0.40365762260452004
0.9974944521627418, 0.07074473764564901

0.0, 0.0
0.632886960556802, 0.4043063189769598
0.9974755867016654, 0.07101023823483876

0.0, 0.0
0.6341085069674564, 0.4049525189398736
0.9974566505729662, 0.0712757337932039

0.0, 0.0
0.6353263875076469, 0.405596231433467
0.9974376437779858, 0.07154122430193502

0.0, 0.0
0.6365406155572644, 0.406237465316006
0.997418566318071, 0.07180670974222306

0.0, 0.0
0.6377512043801203, 0.40687622936482354
0.997399418194573, 0.07207219009525928

0.0, 0.0
0.6389581671252982, 0.4075125322773078
0.9973801994088487, 0.07233766534223536

0.0, 0.0
0.6401615168284824, 0.40814638267187736
0.9973609099622595, 0.07260313546434333

0.0, 0.0
0.6413612664132662, 0.4087777890889396
0.997341549856172, 0.07286860044277553

0.0, 0.0
0.6425574286924433, 0.4094067599918332
0.9973221190919578, 0.07313406025872472

0.0, 0.0
0.643750016369274, 0.4100333037677579
0.9973026176709935, 0.07339951489338403

0.0, 0.0
0.6449390420387364, 0.41065742872868893
0.9972830455946609, 0.07366496432794693

0.0, 0.0
0.6461245181887562, 0.4112791431122782
0.9972634028643462, 0.07393040854360723

0.0, 0.0
0.6473064572014199, 0.41189845508273765
0.9972436894814414, 0.0741958475215592

0.0, 0.0
0.6484848713541673, 0.4125153727317157
0.997223905447343, 0.07446128124299739

0.0, 0.0
0.6496597728209682, 0.4131299040791543
0.9972040507634525, 0.07472670968911675

0.0, 0.0
0.6508311736734799, 0.41374205707413575
0.9971841254311767, 0.07499213284111264

0.0, 0.0
0.6519990858821879, 0.41435183959571537
0.9971641294519273, 0.07525755068018074

0.0, 0.0
0.6531635213175312, 0.4149592594537442
0.9971440628271208, 0.07552296318751717

0.0, 0.0
0.6543244917510079, 0.415564324389676
0.9971239255581787, 0.07578837034431836

0.0, 0.0
0.6554820088562676, 0.4161670420773617
0.997103717646528, 0.07605377213178115

0.0, 0.0
0.6566360842101846, 0.41676742012383694
0.9970834390936002, 0.07631916853110277

0.0, 0.0
0.6577867292939197, 0.4173654660700932
0.9970630899008319, 0.07658455952348084

0.0, 0.0
0.6589339554939604, 0.41796118739183713
0.9970426700696648, 0.07684994509011331

0.0, 0.0
0.6600777741031522, 0.41855459150024266
0.9970221796015457, 0.07711532521219856

0.0, 0.0
0.66121819632171, 0.4191456857426868
0.9970016184979261, 0.07738069987093539

0.0, 0.0
0.6623552332582192, 0.4197344774034797
0.9969809867602628, 0.07764606904752287

0.0, 0.0
0.6634888959306199, 0.420320973704581
0.9969602843900174, 0.07791143272316058

0.0, 0.0
0.6646191952671762, 0.4209051818063054
0.9969395113886567, 0.07817679087904841

0.0, 0.0
0.6657461421074329, 0.42148710880801954
0.9969186677576523, 0.07844214349638673

0.0, 0.0
0.6668697472031588, 0.42206676174882685
0.9968977534984809, 0.07870749055637617

0.0, 0.0
0.6679900212192775, 0.42264414760824515
0.9968767686126242, 0.07897283204021786

0.0, 0.0
0.6691069747347816, 0.4232192733068712
0.996855713101569, 0.07923816792911331

0.0, 0.0
0.6702206182436387, 0.4237921457070378
0.9968345869668069, 0.07950349820426439

0.0, 0.0
0.6713309621556803, 0.4243627716134616
0.9968133902098347, 0.07976882284687338

0.0, 0.0
0.6724380167974803, 0.42493115777388046
0.996792122832154, 0.08003414183814297

0.0, 0.0
0.6735417924132232, 0.4254973108796816
0.9967707848352716, 0.08029945515927628

0.0, 0.0
0.6746422991655557, 0.4260612375665217
0.9967493762206993, 0.08056476279147676

0.0, 0.0
0.6757395471364317, 0.4266229444149385
0.9967278969899537, 0.08083006471594831

0.0, 0.0
0.6768335463279396, 0.4271824379509529
0.9967063471445564, 0.08109536091389521

0.0, 0.0
0.6779243066631249, 0.427739724646661
0.9966847266860345, 0.08136065136652221

0.0, 0.0
0.6790118379867968, 0.428294810920822
0.9966630356159194, 0.08162593605503436

0.0, 0.0
0.6800961500663243, 0.42884770313943404
0.996641273935748, 0.08189121496063723

0.0, 0.0
0.6811772525924249, 0.42939840761630255
0.996619441647062, 0.08215648806453671

0.0, 0.0
0.6822551551799377, 0.42994693061360506
0.9965975387514081, 0.08242175534793914

0.0, 0.0
0.6833298673685897, 0.43049327834243933
0.9965755652503382, 0.08268701679205127

0.0, 0.0
0.6844013986237504, 0.43103745696337276
0.9965535211454088, 0.08295227237808028

0.0, 0.0
0.6854697583371762, 0.4315794725869801
0.9965314064381818, 0.08321752208723376

0.0, 0.0
0.6865349558277448, 0.43211933127437246
0.996509221130224, 0.08348276590071967

0.0, 0.0
0.6875970003421809, 0.4326570390377218
0.996486965223107, 0.08374800379974642

0.0, 0.0
0.6886559010557719, 0.43319260184077707
0.9964646387184076, 0.08401323576552289

0.0, 0.0
0.6897116670730714, 0.43372602559937545
0.9964422416177077, 0.08427846177925827

0.0, 0.0
0.6907643074285976, 0.43425731618194047
0.9964197739225938, 0.08454368182216228

0.0, 0.0
0.6918138310875206, 0.43478647940998044
0.9963972356346579, 0.08480889587544499

0.0, 0.0
0.6928602469463399, 0.4353135210585771
0.9963746267554966, 0.08507410392031695

0.0, 0.0
0.6939035638335536, 0.4358384468568653
0.9963519472867117, 0.08533930593798907

0.0, 0.0
0.6949437905103206, 0.43636126248851137
0.99632919722991, 0.08560450190967274

0.0, 0.0
0.695980935671111, 0.43688197359218106
0.9963063765867032, 0.08586969181657977

0.0, 0.0
0.6970150079443521, 0.43740058576200286
0.996283485358708, 0.08613487563992239

0.0, 0.0
0.6980460158930604, 0.4379171045480226
0.9962605235475465, 0.08640005336091326

0.0, 0.0
0.6990739680154722, 0.4384315354566586
0.9962374911548451, 0.08666522496076545

0.0, 0.0
0.700098872745661, 0.43894388395114187
0.9962143881822356, 0.08693039042069255

0.0, 0.0
0.7011207384541482, 0.4394541554519565
0.9961912146313548, 0.08719554972190846

0.0, 0.0
0.7021395734485091, 0.43996235533727385
0.9961679705038448, 0.0874607028456276

0.0, 0.0
0.7031553859739659, 0.4404684889433774
0.9961446558013518, 0.08772584977306482

0.0, 0.0
0.7041681842139783, 0.44097256156508524
0.9961212705255279, 0.08799099048543539

0.0, 0.0
0.7051779762908231, 0.44147457845616855
0.9960978146780298, 0.08825612496395503

0.0, 0.0
0.7061847702661683, 0.4419745448297577
0.9960742882605194, 0.08852125318983989

0.0, 0.0
0.7071885741416386, 0.4424724658587493
0.9960506912746632, 0.08878637514430658

0.0, 0.0
0.7081893958593766, 0.4429683466762092
0.9960270237221331, 0.08905149080857214

0.0, 0.0
0.7091872433025928, 0.44346219237576284
0.9960032856046059, 0.08931660016385405

0.0, 0.0
0.7101821242961126, 0.4439540080119882
0.9959794769237633, 0.08958170319137027

0.0, 0.0
0.7111740466069152, 0.44444379860079636
0.9959555976812922, 0.08984679987233919

0.0, 0.0
0.712163017944665, 0.4449315691198161
0.9959316478788841, 0.09011189018797962

0.0, 0.0
0.7131490459622382, 0.44541732450876376
0.9959076275182359, 0.09037697411951087

0.0, 0.0
0.7141321382562392, 0.44590106966981835
0.9958835366010493, 0.09064205164815266

0.0, 0.0
0.7151123023675172, 0.44638280946798325
0.9958593751290312, 0.09090712275512522

0.0, 0.0
0.7160895457816697, 0.4468625487314458
0.9958351431038933, 0.09117218742164915

0.0, 0.0
0.7170638759295447, 0.44734029225193633
0.9958108405273522, 0.09143724562894558

0.0, 0.0
0.7180353001877336, 0.447816044785078
0.99578646740113, 0.09170229735823608

0.0, 0.0
0.719003825879061, 0.448289811050734
0.995762023726953, 0.09196734259074266

0.0, 0.0
0.7199694602730654, 0.4487615957333502
0.9957375095065533, 0.09223238130768778

0.0, 0.0
0.7209322105864776, 0.44923140348229207
0.9957129247416674, 0.09249741349029442

0.0, 0.0
0.7218920839836905, 0.44969923891218067
0.9956882694340373, 0.09276243911978599

0.0, 0.0
0.7228490875772245, 0.4501651066032211
0.9956635435854095, 0.09302745817738631

0.0, 0.0
0.7238032284281876, 0.45062901110152853
0.9956387471975359, 0.09329247064431975

0.0, 0.0
0.7247545135467294, 0.4510909569194493
0.9956138802721731, 0.09355747650181113

0.0, 0.0
0.7257029498924918, 0.4515509485358797
0.995588942811083, 0.09382247573108568

0.0, 0.0
0.72664854437505, 0.4520089903965781
0.9955639348160322, 0.09408746831336917

0.0, 0.0
0.7275913038543518, 0.4524650869144748
0.9955388562887925, 0.09435245422988779

0.0, 0.0
0.7285312351411525, 0.4529192424699784
0.9955137072311405, 0.09461743346186825

0.0, 0.0
0.7294683449974408, 0.453371461411278
0.9954884876448581, 0.09488240599053768

0.0, 0.0
0.7304026401368643, 0.45382174805464043
0.995463197531732, 0.09514737179712374

0.0, 0.0
0.7313341272251439, 0.4542701066847068
0.9954378368935537, 0.0954123308628545

0.0, 0.0
0.7322628128804927, 0.4547165415547808
0.9954124057321201, 0.0956772831689586

0.0, 0.0
0.7331887036740213, 0.45516105688711833
0.9953869040492329, 0.09594222869666505

0.0, 0.0
0.734111806130142, 0.4556036568732106
0.9953613318466988, 0.09620716742720342

0.0, 0.0
0.735032126726968, 0.4560443456740634
0.9953356891263294, 0.09647209934180374

0.0, 0.0
0.7359496718967096, 0.4564831274204776
0.9953099758899416, 0.09673702442169652

0.0, 0.0
0.7368644480260622, 0.4569200062133185
0.9952841921393569, 0.09700194264811274

0.0, 0.0
0.7377764614565951, 0.45735498612378866
0.995258337876402, 0.09726685400228388

0.0, 0.0
0.7386857184851296, 0.457788071193694
0.9952324131029087, 0.09753175846544195

0.0, 0.0
0.7395922253641184, 0.4582192654357082
0.9952064178207136, 0.09779665601881933

0.0, 0.0
0.7404959883020166, 0.4586485728336321
0.9951803520316583, 0.09806154664364901

0.0, 0.0
0.7413970134636524, 0.4590759973426536
0.9951542157375897, 0.09832643032116442

0.0, 0.0
0.7422953069705887, 0.45950154288959927
0.9951280089403592, 0.09859130703259948

0.0, 0.0
0.7431908749014868, 0.459925213373186
0.9951017316418237, 0.09885617675918862

0.0, 0.0
0.74408372329246, 0.4603470126642715
0.9950753838438446, 0.09912103948216675

0.0, 0.0
0.7449738581374268, 0.4607669446060971
0.9950489655482888, 0.09938589518276927

0.0, 0.0
0.7458612853884604, 0.4611850130145299
0.9950224767570277, 0.0996507438422321

0.0, 0.0
0.7467460109561316, 0.4616012216783063
0.9949959174719382, 0.09991558544179166

0.0, 0.0
0.7476280407098493, 0.4620155743592624
0.9949692876949017, 0.10018041996268483

0.0, 0.0
0.7485073804782, 0.4624280747925737
0.994942587427805, 0.10044524738614906

0.0, 0.0
0.7493840360492777, 0.4628387266869823
0.9949158166725396, 0.10071006769342221

0.0, 0.0
0.7502580131710164, 0.46324753372502636
0.9948889754310021, 0.10097488086574273

0.0, 0.0
0.7511293175515136, 0.4636544995632658
0.9948620637050942, 0.10123968688434955

0.0, 0.0
0.7519979548593553, 0.46405962783250393
0.9948350814967224, 0.10150448573048207

0.0, 0.0
0.7528639307239328, 0.46446292213801027
0.9948080288077984, 0.10176927738538023

0.0, 0.0
0.7537272507357584, 0.46486438605973623
0.9947809056402388, 0.1020340618302845

0.0, 0.0
0.7545879204467776, 0.4652640231525306
0.9947537119959651, 0.10229883904643584

0.0, 0.0
0.7554459453706777, 0.46566183694635244
0.9947264478769038, 0.10256360901507568

0.0, 0.0
0.756301330983195, 0.46605783094648184
0.9946991132849867, 0.10282837171744603

0.0, 0.0
0.7571540827224129, 0.4664520086337245
0.9946717082221501, 0.10309312713478941

0.0, 0.0
0.758004205989064, 0.4668443734646219
0.9946442326903358, 0.10335787524834877

0.0, 0.0
0.7588517061468236, 0.46723492887164925
0.9946166866914901, 0.1036226160393677

0.0, 0.0
0.7596965885226031, 0.46762367826341905
0.9945890702275647, 0.10388734948909022

0.0, 0.0
0.7605388584068385, 0.46801062502487883
0.9945613833005161, 0.10415207557876092

0.0, 0.0
0.7613785210537783, 0.4683957725175057
0.9945336259123058, 0.10441679428962487

0.0, 0.0
0.7622155816817636, 0.46877912407950023
0.9945057980649002, 0.1046815056029277

0.0, 0.0
0.763050045473512, 0.46916068302597935
0.9944778997602711, 0.10494620949991554

0.0, 0.0
0.7638819175763903, 0.4695404526491626
0.9944499310003948, 0.10521090596183506

0.0, 0.0
0.7647112031026935, 0.4699184362185623
0.9944218917872527, 0.10547559496993344

0.0, 0.0
0.7655379071299124, 0.4702946369811661
0.9943937821228315, 0.1057402765054584

0.0, 0.0
0.7663620347010042, 0.4706690581616192
0.9943656020091225, 0.10600495054965822

0.0, 0.0
0.7671835908246578, 0.4710417029624074
0.9943373514481222, 0.10626961708378163

0.0, 0.0
0.7680025804755554, 0.471412574564033
0.994309030441832, 0.10653427608907796

0.0, 0.0
0.7688190085946344, 0.4717816761251929
0.9942806389922586, 0.10679892754679707

0.0, 0.0
0.7696328800893434, 0.472149010782951
0.9942521771014131, 0.10706357143818933

0.0, 0.0
0.770444199833899, 0.472514581652914
0.9942236447713121, 0.10732820774450563

0.0, 0.0
0.7712529726695355, 0.47287839182939795
0.994195042003977, 0.10759283644699745

0.0, 0.0
0.7720592034047564, 0.4732404443855994
0.9941663688014343, 0.10785745752691679

0.0, 0.0
0.7728628968155818, 0.47360074237376093
0.9941376251657151, 0.10812207096551615

0.0, 0.0
0.7736640576457885, 0.4739592888253358
0.9941088110988561, 0.10838667674404862

0.0, 0.0
0.7744626906071577, 0.4743160867511499
0.9940799266028985, 0.1086512748437678

0.0, 0.0
0.775258800379711, 0.4746711391415651
0.9940509716798887, 0.10891586524592789

0.0, 0.0
0.776052391611948, 0.47502444896663737
0.9940219463318781, 0.10918044793178354

0.0, 0.0
0.7768434689210804, 0.47537601917627104
0.993992850560923, 0.10944502288259003

0.0, 0.0
0.7776320368932665, 0.4757258527003796
0.9939636843690847, 0.10970959007960315

0.0, 0.0
0.7784181000838372, 0.47607395244903494
0.9939344477584297, 0.10997414950407929

0.0, 0.0
0.7792016630175279, 0.47642032131262224
0.993905140731029, 0.11023870113727528

0.0, 0.0
0.7799827301887002, 0.4767649621619892
0.9938757632889591, 0.11050324496044861

0.0, 0.0
0.780761306061566, 0.4771078778485943
0.9938463154343014, 0.11076778095485729

0.0, 0.0
0.7815373950704081, 0.47744907120465374
0.9938167971691418, 0.11103230910175986

0.0, 0.0
0.7823110016197979, 0.4777885450432889
0.993787208495572, 0.11129682938241543

0.0, 0.0
0.7830821300848141, 0.47812630215866664
0.9937575494156881, 0.1115613417780837

0.0, 0.0
0.7838507848112558, 0.47846234532614373
0.9937278199315911, 0.1118258462700249

0.0, 0.0
0.7846169701158511, 0.4787966773024063
0.9936980200453875, 0.11209034283949977

0.0, 0.0
0.7853806902864712, 0.479129300825609
0.9936681497591885, 0.11235483146776973

0.0, 0.0
0.7861419495823363, 0.4794602186155125
0.9936382090751102, 0.11261931213609666

0.0, 0.0
0.7869007522342207, 0.4797894333736185
0.9936081979952739, 0.11288378482574303

0.0, 0.0
0.787657102444659, 0.4801169477833064
0.9935781165218056, 0.1131482495179719

0.0, 0.0
0.7884110043881446, 0.4804427645099619
0.9935479646568367, 0.11341270619404686

0.0, 0.0
0.7891624622113301, 0.4807668862011117
0.9935177424025031, 0.11367715483523214

0.0, 0.0
0.7899114800332268, 0.48108931548655237
0.9934874497609463, 0.11394159542279243

0.0, 0.0
0.7906580619453983, 0.48141005497847883
0.993457086734312, 0.11420602793799307

0.0, 0.0
0.7914022120121561, 0.481729107271611
0.9934266533247516, 0.11447045236209996

0.0, 0.0
0.7921439342707489, 0.48204647494331876
0.9933961495344211, 0.11473486867637957

0.0, 0.0
0.7928832327315543, 0.48236216055374864
0.9933655753654816, 0.1149992768620989

0.0, 0.0
0.7936201113782683, 0.4826761666459436
0.9933349308200992, 0.11526367690052558

0.0, 0.0
0.7943545741680889, 0.48298849574596486
0.9933042159004449, 0.11552806877292783

0.0, 0.0
0.7950866250319002, 0.48329915036301413
0.9932734306086948, 0.11579245246057439

0.0, 0.0
0.7958162678744597, 0.4836081329895497
0.9932425749470298, 0.11605682794473461

0.0, 0.0
0.7965435065745736, 0.4839154461014062
0.9932116489176362, 0.11632119520667843

0.0, 0.0
0.7972683449852801, 0.484221092157909
0.9931806525227047, 0.11658555422767636

0.0, 0.0
0.7979907869340243, 0.48452507360199004
0.9931495857644315, 0.1168499049889995

0.0, 0.0
0.798710836222835, 0.4848273928603006
0.9931184486450174, 0.11711424747191952

0.0, 0.0
0.7994284966284972, 0.4851280523433237
0.9930872411666684, 0.11737858165770872

0.0, 0.0
0.8001437719027287, 0.4854270544454869
0.9930559633315955, 0.11764290752763991

0.0, 0.0
0.8008566657723444, 0.4857244015452691
0.9930246151420146, 0.11790722506298655

0.0, 0.0
0.8015671819394319, 0.48602009600531176
0.9929931966001466, 0.1181715342450227

0.0, 0.0
0.8022753240815134, 0.4863141401725254
0.9929617077082175, 0.11843583505502299

0.0, 0.0
0.8029810958517152, 0.48660653637819484
0.9929301484684578, 0.11870012747426262

0.0, 0.0
0.8036845008789294, 0.486897286938086
0.9928985188831039, 0.11896441148401739

0.0, 0.0
0.8043855427679789, 0.4871863941525489
0.9928668189543962, 0.11922868706556373

0.0, 0.0
0.8050842250997772, 0.4874738603066211
0.9928350486845808, 0.11949295420017868

0.0, 0.0
0.805780551431488, 0.48775968767012784
0.9928032080759084, 0.11975721286913979

0.0, 0.0
0.8064745252966832, 0.4880438784977845
0.9927712971306348, 0.12002146305372531

0.0, 0.0
0.8071661502055001, 0.4883264350292945
0.9927393158510208, 0.12028570473521402

0.0, 0.0
0.8078554296447968, 0.4886073594894486
0.9927072642393322, 0.12054993789488534

0.0, 0.0
0.8085423670783037, 0.48888665408822124
0.9926751422978396, 0.12081416251401929

0.0, 0.0
0.8092269659467786, 0.489164321020868
0.9926429500288189, 0.12107837857389647

0.0, 0.0
0.8099092296681547, 0.4894403624680191
0.9926106874345506, 0.12134258605579815

0.0, 0.0
0.8105891616376918, 0.48971478059577456
0.9925783545173207, 0.1216067849410061

0.0, 0.0
0.8112667652281246, 0.48998757755579814
0.9925459512794196, 0.12187097521080281

0.0, 0.0
0.8119420437898065, 0.49025875548540737
0.992513477723143, 0.1221351568464713

0.0, 0.0
0.8126150006508571, 0.4905283165076643
0.9924809338507916, 0.12239932982929527

0.0, 0.0
0.8132856391173074, 0.4907962627314683
0.9924483196646711, 0.12266349414055897

0.0, 0.0
0.8139539624732367, 0.49106259625164267
0.9924156351670919, 0.1229276497615473

0.0, 0.0
0.8146199739809207, 0.4913273191490236
0.9923828803603697, 0.12319179667354577

0.0, 0.0
0.815283676880966, 0.491590433490547
0.992350055246825, 0.12345593485784048

0.0, 0.0
0.8159450743924509, 0.4918519413293343
0.9923171598287834, 0.1237200642957182

0.0, 0.0
0.816604169713063, 0.4921118447047789
0.9922841941085755, 0.12398418496846629

0.0, 0.0
0.8172609660192338, 0.49237014564262854
0.9922511580885367, 0.12424829685737274

0.0, 0.0
0.8179154664662746, 0.4926268461550702
0.9922180517710074, 0.12451239994372612

0.0, 0.0
0.8185676741885101, 0.4928819482408109
0.9921848751583333, 0.12477649420881569

0.0, 0.0
0.8192175922994086, 0.4931354538851619
0.9921516282528646, 0.12504057963393128

0.0, 0.0
0.8198652238917138, 0.4933873650601154
0.9921183110569569, 0.1253046562003634

0.0, 0.0
0.8205105720375772, 0.4936376837244285
0.9920849235729705, 0.12556872388940318

0.0, 0.0
0.8211536397886827, 0.4938864118236982
0.992051465803271, 0.12583278268234227

0.0, 0.0
0.8217944301763772, 0.4941335512904416
0.9920179377502284, 0.1260968325604731

0.0, 0.0
0.8224329462117962, 0.49437910404417257
0.9919843394162183, 0.12636087350508865

0.0, 0.0
0.8230691908859863, 0.4946230719914776
0.991950670803621, 0.12662490549748256

0.0, 0.0
0.8237031671700329, 0.49486545702609197
0.9919169319148217, 0.12688892851894912

0.0, 0.0
0.8243348780151806, 0.4951062610289738
0.9918831227522108, 0.1271529425507832

0.0, 0.0
0.8249643263529552, 0.4953454858683777
0.9918492433181835, 0.12741694757428032

0.0, 0.0
0.8255915150952856, 0.49558313339992754
0.99181529361514, 0.1276809435707367

0.0, 0.0
0.8262164471346211, 0.4958192054666893
0.9917812736454856, 0.12794493052144912

0.0, 0.0
0.8268391253440524, 0.4960537038992415
0.9917471834116305, 0.12820890840771507

0.0, 0.0
0.8274595525774258, 0.49628663051574806
0.9917130229159897, 0.12847287721083261

0.0, 0.0
0.8280777316694632, 0.49651798712202344
0.9916787921609835, 0.1287368369121005

0.0, 0.0
0.8286936654358736, 0.49674777551160726
0.9916444911490371, 0.12900078749281815

0.0, 0.0
0.8293073566734691, 0.49697599746582755
0.9916101198825805, 0.12926472893428556

0.0, 0.0
0.8299188081602791, 0.49720265475387165
0.9915756783640488, 0.12952866121780343

0.0, 0.0
0.8305280226556598, 0.4974277491328509
0.991541166595882, 0.1297925843246731

0.0, 0.0
0.8311350029004069, 0.49765128234786815
0.9915065845805252, 0.13005649823619653

0.0, 0.0
0.8317397516168659, 0.4978732561320821
0.9914719323204284, 0.13032040293367636

0.0, 0.0
0.8323422715090402, 0.4980936722067719
0.9914372098180466, 0.13058429839841587

0.0, 0.0
0.8329425652626998, 0.49831253228140016
0.9914024170758399, 0.13084818461171896

0.0, 0.0
0.8335406355454884, 0.49852983805367873
0.991367554096273, 0.13111206155489033

0.0, 0.0
0.8341364850070285, 0.49874559120962814
0.9913326208818158, 0.13137592920923513

0.0, 0.0
0.8347301162790294, 0.49895979342364055
0.9912976174349435, 0.1316397875560593

0.0, 0.0
0.8353215319753888, 0.49917244635854036
0.9912625437581357, 0.1319036365766694

0.0, 0.0
0.8359107346922967, 0.499383551665645
0.9912273998538774, 0.13216747625237268

0.0, 0.0
0.8364977270083381, 0.49959311098482445
0.9911921857246583, 0.13243130656447702

0.0, 0.0
0.8370825114845944, 0.4998011259445601
0.9911569013729733, 0.132695127494291

0.0, 0.0
0.8376650906647459, 0.5000075981620021
0.991121546801322, 0.13295893902312375

0.0, 0.0
0.8382454670751668, 0.5002125292430288
0.9910861220122095, 0.13322274113228527

0.0, 0.0
0.8388236432250299, 0.500415920782304
0.9910506270081451, 0.13348653380308603

0.0, 0.0
0.8393996216063995, 0.5006177743633304
0.9910150617916438, 0.1337503170168373

0.0, 0.0
0.8399734046943309, 0.5008180915585071
0.9909794263652251, 0.13401409075485093

0.0, 0.0
0.8405449949469662, 0.5010168739291853
0.9909437207314137, 0.13427785499843953

0.0, 0.0
0.8411143948056305, 0.5012141230257218
0.9909079448927393, 0.1345416097289163

0.0, 0.0
0.8416816066949243, 0.501409840387533
0.9908720988517363, 0.13480535492759516

0.0, 0.0
0.8422466330228194, 0.5016040275431488
0.9908361826109444, 0.13506909057579067

0.0, 0.0
0.8428094761807512, 0.5017966860102644
0.9908001961729082, 0.1353328166548181

0.0, 0.0
0.8433701385437081, 0.5019878172957921
0.9907641395401771, 0.13559653314599346

0.0, 0.0
0.8439286224703263, 0.5021774228959128
0.9907280127153056, 0.13586024003063324

0.0, 0.0
0.8444849303029782, 0.5023655042961275
0.9906918157008532, 0.13612393729005484

0.0, 0.0
0.8450390643678631, 0.5025520629713076
0.9906555484993842, 0.13638762490557624

0.0, 0.0
0.8455910269750941, 0.5027371003857437
0.9906192111134682, 0.136651302858516

0.0, 0.0
0.8461408204187891, 0.5029206179931948
0.9905828035456795, 0.1369149711301936

0.0, 0.0
0.8466884469771561, 0.5031026172369376
0.9905463257985974, 0.13717862970192898

0.0, 0.0
0.8472339089125781, 0.5032830995498139
0.9905097778748062, 0.1374422785550429

0.0, 0.0
0.8477772084717026, 0.5034620663542768
0.9904731597768953, 0.13770591767085677

0.0, 0.0
0.8483183478855238, 0.5036395190624394
0.990436471507459, 0.1379695470306927

0.0, 0.0
0.8488573293694672, 0.5038154590761209
0.9903997130690962, 0.13823316661587343

0.0, 0.0
0.8493941551234745, 0.5039898877868905
0.9903628844644116, 0.1384967764077225

0.0, 0.0
0.8499288273320839, 0.5041628065761157
0.9903259856960139, 0.13876037638756406

0.0, 0.0
0.8504613481645148, 0.5043342168150029
0.9902890167665176, 0.139023966536723

0.0, 0.0
0.8509917197747473, 0.5045041198646439
0.9902519776785417, 0.13928754683652486

0.0, 0.0
0.8515199443016047, 0.5046725170760619
0.9902148684347102, 0.13955111726829592

0.0, 0.0
0.8520460238688289, 0.5048394097902487
0.9901776890376522, 0.13981467781336315

0.0, 0.0
0.852569960585166, 0.5050047993382117
0.9901404394900019, 0.14007822845305423

0.0, 0.0
0.8530917565444395, 0.5051686870410163
0.990103119794398, 0.1403417691686975

0.0, 0.0
0.853611413825631, 0.505331074209824
0.9900657299534847, 0.14060529994162208

0.0, 0.0
0.8541289344929566, 0.5054919621459356
0.9900282699699109, 0.14086882075315768

0.0, 0.0
0.8546443205959428, 0.5056513521408325
0.9899907398463305, 0.14113233158463478

0.0, 0.0
0.8551575741695027, 0.5058092454762141
0.9899531395854022, 0.14139583241738463

0.0, 0.0
0.8556686972340111, 0.5059656434240404
0.9899154691897901, 0.1416593232327391

0.0, 0.0
0.8561776917953804, 0.5061205472465687
0.989877728662163, 0.14192280401203078

0.0, 0.0
0.8566845598451314, 0.5062739581963935
0.9898399180051944, 0.142186274736593

0.0, 0.0
0.8571893033604685, 0.506425877516484
0.9898020372215635, 0.1424497353877598

0.0, 0.0
0.8576919243043535, 0.5065763064402219
0.9897640863139535, 0.14271318594686588

0.0, 0.0
0.8581924246255747, 0.5067252461914385
0.9897260652850535, 0.14297662639524678

0.0, 0.0
0.8586908062588201, 0.5068726979844519
0.989687974137557, 0.1432400567142386

0.0, 0.0
0.8591870711247468, 0.5070186630241026
0.9896498128741626, 0.14350347688517825

0.0, 0.0
0.8596812211300533, 0.5071631425057889
0.989611581497574, 0.14376688688940337

0.0, 0.0
0.8601732581675469, 0.507306137615504
0.9895732800104996, 0.14403028670825221

0.0, 0.0
0.8606631841162125, 0.5074476495298688
0.9895349084156531, 0.14429367632306395

0.0, 0.0
0.8611510008412832, 0.507587679416167
0.9894964667157528, 0.14455705571517827

0.0, 0.0
0.8616367101943054, 0.5077262284323798
0.9894579549135223, 0.1448204248659357

0.0, 0.0
0.8621203140132069, 0.5078632977272188
0.9894193730116899, 0.14508378375667746

0.0, 0.0
0.8626018141223636, 0.5079988884401595
0.9893807210129892, 0.1453471323687455

0.0, 0.0
0.8630812123326663, 0.5081330017014715
0.9893419989201584, 0.1456104706834825

0.0, 0.0
0.8635585104415853, 0.5082656386322554
0.9893032067359409, 0.14587379868223194

0.0, 0.0
0.864033710233233, 0.5083968003444713
0.9892643444630849, 0.14613711634633783

0.0, 0.0
0.864506813478433, 0.508526487940971
0.9892254121043436, 0.14640042365714515

0.0, 0.0
0.8649778219347806, 0.508654702515529
0.9891864096624754, 0.14666372059599947

0.0, 0.0
0.8654467373467036, 0.5087814451528709
0.9891473371402434, 0.14692700714424708

0.0, 0.0
0.8659135614455332, 0.5089067169287084
0.9891081945404158, 0.14719028328323516

0.0, 0.0
0.8663782959495573, 0.5090305189097653
0.9890689818657656, 0.14745354899431148

0.0, 0.0
0.8668409425640858, 0.509152852153807
0.989029699119071, 0.14771680425882455

0.0, 0.0
0.8673015029815129, 0.5092737177096713
0.988990346303115, 0.14798004905812376

0.0, 0.0
0.8677599788813765, 0.5093931166172943
0.9889509234206856, 0.14824328337355902

0.0, 0.0
0.8682163719304156, 0.5095110499077405
0.9889114304745757, 0.14850650718648123

0.0, 0.0
0.8686706837826357, 0.5096275186032297
0.9888718674675834, 0.14876972047824186

0.0, 0.0
0.8691229160793594, 0.5097425237171634
0.9888322344025114, 0.14903292323019313

0.0, 0.0
0.8695730704492949, 0.5098560662541561
0.9887925312821678, 0.14929611542368815

0.0, 0.0
0.870021148508587, 0.5099681472100548
0.9887527581093652, 0.1495592970400806

0.0, 0.0
0.8704671518608751, 0.5100787675719703
0.9887129148869216, 0.14982246806072502

0.0, 0.0
0.870911082097353, 0.5101879283183018
0.9886730016176596, 0.1500856284669767

0.0, 0.0
0.8713529407968235, 0.5102956304187612
0.9886330183044069, 0.15034877824019166

0.0, 0.0
0.8717927295257574, 0.5104018748343998
0.9885929649499963, 0.15061191736172658

0.0, 0.0
0.8722304498383433, 0.5105066625176311
0.9885528415572652, 0.1508750458129391

0.0, 0.0
0.8726661032765457, 0.5106099944122554
0.9885126481290565, 0.15113816357518742

0.0, 0.0
0.8730996913701651, 0.5107118714534864
0.9884723846682176, 0.15140127062983058

0.0, 0.0
0.8735312156368825, 0.5108122945679694
0.9884320511776011, 0.1516643669582284

0.0, 0.0
0.8739606775823198, 0.5109112646738094
0.9883916476600644, 0.15192745254174145

0.0, 0.0
0.8743880787000904, 0.5110087826805922
0.98835117411847, 0.152190527361731

0.0, 0.0
0.8748134204718533, 0.5111048494894049
0.9883106305556852, 0.15245359139955916

0.0, 0.0
0.8752367043673649, 0.5111994659928617
0.9882700169745826, 0.15271664463658874

0.0, 0.0
0.8756579318445294, 0.5112926330751207
0.9882293333780394, 0.1529796870541834

0.0, 0.0
0.8760771043494536, 0.511384351611911
0.9881885797689378, 0.15324271863370748

0.0, 0.0
0.8764942233164951, 0.5114746224705491
0.9881477561501651, 0.15350573935652612

0.0, 0.0
0.8769092901683155, 0.5115634465099608
0.9881068625246137, 0.1537687492040052

0.0, 0.0
0.877322306315927, 0.5116508245807028
0.9880658988951805, 0.1540317481575115

0.0, 0.0
0.8777332731587463, 0.5117367575249803
0.9880248652647677, 0.15429473619841236

0.0, 0.0
0.8781421920846411, 0.5118212461766696
0.9879837616362824, 0.15455771330807608

0.0, 0.0
0.8785490644699797, 0.5119042913613344
0.9879425880126368, 0.1548206794678716

0.0, 0.0
0.8789538916796801, 0.5119858938962449
0.9879013443967477, 0.15508363465916877

0.0, 0.0
0.8793566750672581, 0.5120660545904001
0.9878600307915372, 0.1553465788633381

0.0, 0.0
0.8797574159748753, 0.5121447742445419
0.9878186471999321, 0.15560951206175092

0.0, 0.0
0.8801561157333845, 0.5122220536511731
0.9877771936248643, 0.15587243423577934

0.0, 0.0
0.8805527756623801, 0.5122978935945774
0.9877356700692708, 0.15613534536679627

0.0, 0.0
0.8809473970702419, 0.512372294850837
0.9876940765360932, 0.15639824543617536

0.0, 0.0
0.881339981254182, 0.5124452581878444
0.9876524130282783, 0.15666113442529112

0.0, 0.0
0.8817305295002893, 0.5125167843653248
0.9876106795487779, 0.15692401231551872

0.0, 0.0
0.8821190430835769, 0.5125868741348485
0.9875688761005487, 0.15718687908823425

0.0, 0.0
0.8825055232680301, 0.5126555282398494
0.9875270026865521, 0.1574497347248145

0.0, 0.0
0.8828899713066449, 0.5127227474156403
0.9874850593097549, 0.15771257920663706

0.0, 0.0
0.8832723884414727, 0.5127885323894239
0.9874430459731286, 0.15797541251508038

0.0, 0.0
0.8836527759036692, 0.5128528838803145
0.9874009626796496, 0.15823823463152362

0.0, 0.0
0.8840311349135345, 0.5129158025993463
0.9873588094322995, 0.1585010455373467

0.0, 0.0
0.8844074666805584, 0.5129772892494933
0.9873165862340646, 0.15876384521393053

0.0, 0.0
0.8847817724034601, 0.5130373445256787
0.9872742930879362, 0.15902663364265657

0.0, 0.0
0.8851540532702318, 0.5130959691147894
0.9872319299969109, 0.1592894108049072

0.0, 0.0
0.8855243104581844, 0.5131531636956916
0.9871894969639896, 0.15955217668206564

0.0, 0.0
0.8858925451339839, 0.5132089289392422
0.9871469939921789, 0.15981493125551582

0.0, 0.0
0.8862587584536991, 0.5132632655083034
0.9871044210844896, 0.16007767450664248

0.0, 0.0
0.8866229515628334, 0.5133161740577492
0.9870617782439381, 0.16034040641683125

0.0, 0.0
0.8869851255963755, 0.5133676552344857
0.9870190654735456, 0.16060312696746848

0.0, 0.0
0.8873452816788366, 0.513417709677457
0.9869762827763379, 0.1608658361399413

0.0, 0.0
0.8877034209242873, 0.5134663380176583
0.986933430155346, 0.16112853391563775

0.0, 0.0
0.8880595444363999, 0.5135135408781483
0.986890507613606, 0.16139122027594657

0.0, 0.0
0.8884136533084894, 0.5135593188740568
0.9868475151541587, 0.16165389520225742

0.0, 0.0
0.8887657486235487, 0.5136036726125991
0.9868044527800501, 0.1619165586759607

0.0, 0.0
0.8891158314542902, 0.5136466026930848
0.986761320494331, 0.16217921067844757

0.0, 0.0
0.8894639028631864, 0.5136881097069257
0.986718118300057, 0.16244185119111013

0.0, 0.0
0.8898099639025034, 0.5137281942376489
0.9866748462002889, 0.1627044801953412

0.0, 0.0
0.8901540156143445, 0.5137668568609035
0.9866315041980925, 0.1629670976725344

0.0, 0.0
0.89049605903068, 0.51380409814447
0.9865880922965383, 0.1632297036040843

0.0, 0.0
0.8908360951733899, 0.5138399186482695
0.9865446104987019, 0.16349229797138612

0.0, 0.0
0.8911741250543037, 0.513874318924374
0.9865010588076639, 0.163754880755836

0.0, 0.0
0.8915101496752301, 0.5139072995170102
0.9864574372265097, 0.1640174519388309

0.0, 0.0
0.8918441700280004, 0.5139388609625706
0.9864137457583297, 0.16428001150176855

0.0, 0.0
0.8921761870944961, 0.51396900378962
0.9863699844062195, 0.16454255942604756

0.0, 0.0
0.8925062018466929, 0.513997728518902
0.9863261531732791, 0.1648050956930673

0.0, 0.0
0.8928342152466947, 0.514025035663348
0.9862822520626141, 0.16506762028422803

0.0, 0.0
0.8931602282467646, 0.514050925728082
0.9862382810773346, 0.16533013318093082

0.0, 0.0
0.893484241789363, 0.5140753992104267
0.9861942402205558, 0.16559263436457752

0.0, 0.0
0.8938062568071856, 0.5140984565999119
0.9861501294953978, 0.16585512381657086

0.0, 0.0
0.8941262742231915, 0.5141200983782785
0.9861059489049858, 0.16611760151831442

0.0, 0.0
0.8944442949506413, 0.5141403250194829
0.9860616984524497, 0.16638006745121256

0.0, 0.0
0.8947603198931323, 0.5141591369897036
0.9860173781409247, 0.16664252159667045

0.0, 0.0
0.8950743499446262, 0.5141765347473461
0.9859729879735505, 0.16690496393609425

0.0, 0.0
0.8953863859894914, 0.5141925187430479
0.9859285279534721, 0.16716739445089074

0.0, 0.0
0.895696428902529, 0.5142070894196821
0.9858839980838392, 0.1674298131224677

0.0, 0.0
0.8960044795490054, 0.5142202472123577
0.9858393983678069, 0.16769221993223368

0.0, 0.0
0.896310538784692, 0.5142319925484311
0.9857947288085346, 0.1679546148615981

0.0, 0.0
0.8966146074558939, 0.5142423258475052
0.9857499894091871, 0.16821699789197117

0.0, 0.0
0.8969166863994792, 0.5142512475214314
0.9857051801729342, 0.16847936900476404

0.0, 0.0
0.8972167764429134, 0.5142587579743119
0.9856603011029501, 0.16874172818138855

0.0, 0.0
0.8975148784042934, 0.5142648576025081
0.9856153522024147, 0.16900407540325757

0.0, 0.0
0.8978109930923744, 0.5142695467946347
0.9855703334745123, 0.1692664106517847

0.0, 0.0
0.8981051213066065, 0.5142728259315686
0.9855252449224323, 0.16952873390838435

0.0, 0.0
0.8983972638371601, 0.514274695386446
0.9854800865493691, 0.16979104515447194

0.0, 0.0
0.8986874214649618, 0.5142751555246666
0.9854348583585221, 0.1700533443714636

0.0, 0.0
0.8989755949617234, 0.5142742067038932
0.9853895603530953, 0.17031563154077634

0.0, 0.0
0.899261785089968, 0.514271849274053
0.9853441925362982, 0.17057790664382805

0.0, 0.0
0.8995459926030652, 0.5142680835773351
0.9852987549113448, 0.17084016966203747

0.0, 0.0
0.8998282182452626, 0.5142629099481975
0.9852532474814542, 0.17110242057682423

0.0, 0.0
0.9001084627517114, 0.5142563287133628
0.9852076702498505, 0.17136465936960874

0.0, 0.0
0.9003867268484947, 0.5142483401918138
0.9851620232197625, 0.17162688602181228

0.0, 0.0
0.9006630112526625, 0.5142389446948032
0.9851163063944244, 0.17188910051485706

0.0, 0.0
0.9009373166722553, 0.5142281425258425
0.9850705197770748, 0.1721513028301661

0.0, 0.0
0.9012096438063361, 0.5142159339807051
0.9850246633709578, 0.1724134929491633

0.0, 0.0
0.9014799933450197, 0.5142023193474256
0.984978737179322, 0.1726756708532734

0.0, 0.0
0.9017483659694988, 0.5141872989062979
0.9849327412054212, 0.17293783652392203

0.0, 0.0
0.9020147623520748, 0.514170872929871
0.984886675452514, 0.17319998994253566

0.0, 0.0
0.9022791831561816, 0.514153041682947
0.9848405399238639, 0.17346213109054168

0.0, 0.0
0.9025416290364213, 0.5141338054225816
0.9847943346227396, 0.17372425994936827

0.0, 0.0
0.9028021006385822, 0.5141131643980754
0.9847480595524144, 0.1739863765004446

0.0, 0.0
0.903060598599676, 0.5140911188509769
0.984701714716167, 0.17424848072520058

0.0, 0.0
0.9033171235479576, 0.5140676690150737
0.9846553001172804, 0.174510572605067

0.0, 0.0
0.9035716761029587, 0.514042815116394
0.9846088157590432, 0.17477265212147572

0.0, 0.0
0.9038242568755103, 0.5140165573731968
0.9845622616447487, 0.1750347192558592

0.0, 0.0
0.904074866467769, 0.5139888959959702
0.9845156377776948, 0.17529677398965096

0.0, 0.0
0.9043235054732496, 0.5139598311874286
0.9844689441611849, 0.17555881630428538

0.0, 0.0
0.9045701744768443, 0.5139293631425044
0.984422180798527, 0.17582084618119764

0.0, 0.0
0.9048148740548552, 0.5138974920483419
0.9843753476930339, 0.17608286360182385

0.0, 0.0
0.9050576047750175, 0.5138642180842977
0.984328444848024, 0.176344868547601

0.0, 0.0
0.9052983671965265, 0.5138295414219287
0.9842814722668198, 0.176606860999967

0.0, 0.0
0.9055371618700622, 0.513793462224989
0.9842344299527493, 0.1768688409403606

0.0, 0.0
0.9057739893378172, 0.513755980649421
0.9841873179091454, 0.17713080835022144

0.0, 0.0
0.9060088501335215, 0.5137170968433518
0.9841401361393456, 0.17739276321099

0.0, 0.0
0.9062417447824677, 0.513676810947083
0.9840928846466926, 0.1776547055041078

0.0, 0.0
0.9064726738015353, 0.5136351230930853
0.9840455634345342, 0.1779166352110171

0.0, 0.0
0.9067016376992211, 0.5135920334059926
0.9839981725062228, 0.17817855231316107

0.0, 0.0
0.9069286369756553, 0.5135475420025873
0.9839507118651158, 0.1784404567919839

0.0, 0.0
0.9071536721226364, 0.5135016489918003
0.9839031815145758, 0.17870234862893053

0.0, 0.0
0.9073767436236476, 0.5134543544746968
0.9838555814579699, 0.17896422780544682

0.0, 0.0
0.9075978519538888, 0.5134056585444685
0.9838079116986708, 0.1792260943029796

0.0, 0.0
0.9078169975802941, 0.5133555612864271
0.9837601722400553, 0.17948794810297655

0.0, 0.0
0.9080341809615637, 0.513304062777992
0.9837123630855058, 0.1797497891868862

0.0, 0.0
0.9082494025481793, 0.5132511630886807
0.9836644842384094, 0.18001161753615813

0.0, 0.0
0.9084626627824388, 0.5131968622800995
0.9836165357021581, 0.18027343313224262

0.0, 0.0
0.9086739620984722, 0.5131411604059344
0.983568517480149, 0.18053523595659104

0.0, 0.0
0.9088833009222697, 0.5130840575119376
0.9835204295757838, 0.18079702599065556

0.0, 0.0
0.9090906796717032, 0.5130255536359181
0.9834722719924694, 0.18105880321588927

0.0, 0.0
0.9092960987565547, 0.5129656488077297
0.9834240447336179, 0.18132056761374618

0.0, 0.0
0.9094995585785323, 0.512904343049262
0.9833757478026457, 0.18158231916568124

0.0, 0.0
0.909701059531303, 0.5128416363744256
0.9833273812029746, 0.1818440578531502

0.0, 0.0
0.9099006020005078, 0.5127775287891372
0.9832789449380313, 0.18210578365760988

0.0, 0.0
0.9100981863637908, 0.5127120202913139
0.983230439011247, 0.1823674965605179

0.0, 0.0
0.9102938129908189, 0.5126451108708552
0.9831818634260585, 0.1826291965433328

0.0, 0.0
0.9104874822433112, 0.5125768005096327
0.983133218185907, 0.1828908835875141

0.0, 0.0
0.9106791944750535, 0.5125070891814747
0.9830845032942391, 0.18315255767452215

0.0, 0.0
0.9108689500319285, 0.5124359768521538
0.9830357187545059, 0.18341421878581834

0.0, 0.0
0.9110567492519351, 0.5123634634793705
0.9829868645701636, 0.18367586690286486

0.0, 0.0
0.9112425924652157, 0.512289549012742
0.9829379407446733, 0.18393750200712483

0.0, 0.0
0.9114264799940702, 0.512214233393784
0.9828889472815012, 0.18419912408006237

0.0, 0.0
0.91160841215299, 0.5121375165558983
0.9828398841841184, 0.18446073310314248

0.0, 0.0
0.9117883892486714, 0.5120593984243541
0.9827907514560006, 0.18472232905783106

0.0, 0.0
0.9119664115800479, 0.5119798789162789
0.9827415491006288, 0.18498391192559502

0.0, 0.0
0.9121424794383027, 0.5118989579406341
0.9826922771214889, 0.18524548168790206

0.0, 0.0
0.9123165931068983, 0.5118166353982044
0.9826429355220715, 0.18550703832622092

0.0, 0.0
0.9124887528615964, 0.5117329111815792
0.9825935243058723, 0.18576858182202124

0.0, 0.0
0.9126589589704828, 0.5116477851751348
0.9825440434763921, 0.18603011215677356

0.0, 0.0
0.9128272116939844, 0.5115612572550164
0.9824944930371362, 0.18629162931194945

0.0, 0.0
0.9129935112849, 0.5114733272891251
0.9824448729916151, 0.1865531332690213

0.0, 0.0
0.9131578579884162, 0.5113839951370948
0.9823951833433444, 0.18681462400946242

0.0, 0.0
0.9133202520421317, 0.5112932606502741
0.9823454240958442, 0.18707610151474718

0.0, 0.0
0.9134806936760789, 0.5112011236717109
0.9822955952526399, 0.18733756576635086

0.0, 0.0
0.9136391831127503, 0.511107584036131
0.9822456968172617, 0.18759901674574953

0.0, 0.0
0.9137957205671174, 0.5110126415699175
0.9821957287932447, 0.1878604544344204

0.0, 0.0
0.9139503062466507, 0.5109162960910951
0.9821456911841289, 0.18812187881384151

0.0, 0.0
0.9141029403513499, 0.5108185474093062
0.9820955839934594, 0.18838328986549185

0.0, 0.0
0.9142536230737575, 0.5107193953257909
0.9820454072247861, 0.1886446875708514

0.0, 0.0
0.9144023545989856, 0.5106188396333682
0.9819951608816637, 0.18890607191140105

0.0, 0.0
0.9145491351047391, 0.5105168801164136
0.9819448449676521, 0.18916744286862258

0.0, 0.0
0.9146939647613372, 0.5104135165508378
0.981894459486316, 0.18942880042399887

0.0, 0.0
0.9148368437317335, 0.5103087487040641
0.9818440044412251, 0.1896901445590136

0.0, 0.0
0.9149777721715417, 0.5102025763350078
0.9817934798359539, 0.1899514752551515

0.0, 0.0
0.9151167502290547, 0.5100949991940515
0.9817428856740817, 0.1902127924938982

0.0, 0.0
0.9152537780452725, 0.5099860170230252
0.9816922219591933, 0.19047409625674025

0.0, 0.0
0.9153888557539185, 0.509875629555181
0.9816414886948778, 0.19073538652516528

0.0, 0.0
0.9155219834814639, 0.5097638365151675
0.9815906858847294, 0.19099666328066175

0.0, 0.0
0.9156531613471528, 0.5096506376190115
0.9815398135323474, 0.19125792650471912

0.0, 0.0
0.9157823894630233, 0.509536032574087
0.9814888716413361, 0.19151917617882785

0.0, 0.0
0.91590966793393, 0.509420021079095
0.9814378602153043, 0.1917804122844793

0.0, 0.0
0.916034996857564, 0.5093026028240376
0.981386779257866, 0.1920416348031658

0.0, 0.0
0.916158376324481, 0.5091837774901901
0.9813356287726402, 0.1923028437163807

0.0, 0.0
0.916279806418121, 0.5090635447500798
0.9812844087632508, 0.19256403900561822

0.0, 0.0
0.9163992872148298, 0.5089419042674532
0.9812331192333265, 0.19282522065237362

0.0, 0.0
0.9165168187838847, 0.5088188556972568
0.9811817601865008, 0.19308638863814312

0.0, 0.0
0.916632401187517, 0.5086943986856045
0.9811303316264125, 0.19334754294442386

0.0, 0.0
0.9167460344809348, 0.5085685328697532
0.9810788335567051, 0.193608683552714

0.0, 0.0
0.9168577187123466, 0.5084412578780739
0.9810272659810271, 0.19386981044451265

0.0, 0.0
0.9169674539229822, 0.5083125733300234
0.9809756289030317, 0.19413092360131987

0.0, 0.0
0.9170752401471189, 0.5081824788361158
0.9809239223263774, 0.19439202300463673

0.0, 0.0
0.9171810774121042, 0.5080509739978946
0.9808721462547273, 0.19465310863596527

0.0, 0.0
0.9172849657383784, 0.5079180584079024
0.9808203006917496, 0.19491418047680847

0.0, 0.0
0.9173869051395017, 0.5077837316496535
0.9807683856411175, 0.19517523850867033

0.0, 0.0
0.917486895622172, 0.5076479932975989
0.9807164011065087, 0.1954362827130558

0.0, 0.0
0.9175849371862553, 0.5075108429170994
0.9806643470916064, 0.19569731307147084

0.0, 0.0
0.9176810298248048, 0.507372280064395
0.9806122236000984, 0.19595832956542236

0.0, 0.0
0.9177751735240867, 0.5072323042865716
0.9805600306356773, 0.19621933217641824

0.0, 0.0
0.9178673682636059, 0.5070909151215313
0.980507768202041, 0.19648032088596742

0.0, 0.0
0.9179576140161303, 0.5069481120979578
0.9804554363028919, 0.1967412956755797

0.0, 0.0
0.9180459107477137, 0.506803894735287
0.9804030349419377, 0.197002256526766

0.0, 0.0
0.918132258417721, 0.5066582625436713
0.9803505641228908, 0.19726320342103815

0.0, 0.0
0.9182166569788558, 0.506511215023949
0.9802980238494685, 0.19752413633990898

0.0, 0.0
0.9182991063771808, 0.5063627516676065
0.9802454141253931, 0.1977850552648923

0.0, 0.0
0.9183796065521465, 0.5062128719567471
0.980192734954392, 0.19804596017750292

0.0, 0.0
0.9184581574366182, 0.5060615753640582
0.9801399863401972, 0.1983068510592567

0.0, 0.0
0.9185347589568967, 0.5059088613527704
0.9800871682865456, 0.19856772789167035

0.0, 0.0
0.9186094110327486, 0.5057547293766277
0.9800342807971794, 0.19882859065626177

0.0, 0.0
0.9186821135774295, 0.5055991788798476
0.9799813238758455, 0.19908943933454967

0.0, 0.0
0.9187528664977128, 0.5054422092970883
0.9799282975262955, 0.19935027390805393

0.0, 0.0
0.918821669693913, 0.5052838200534078
0.9798752017522863, 0.19961109435829527

0.0, 0.0
0.9188885230599159, 0.505124010564231
0.9798220365575795, 0.1998719006667955

0.0, 0.0
0.9189534264832034, 0.5049627802353087
0.9797688019459416, 0.20013269281507742

0.0, 0.0
0.9190163798448812, 0.5048001284626807
0.9797154979211443, 0.20039347078466485

0.0, 0.0
0.9190773830197074, 0.5046360546326379
0.9796621244869638, 0.20065423455708253

0.0, 0.0
0.9191364358761177, 0.5044705581216833
0.9796086816471814, 0.20091498411385633

0.0, 0.0
0.9191935382762554, 0.5043036382964919
0.9795551694055835, 0.20117571943651305

0.0, 0.0
0.9192486900759984, 0.5041352945138695
0.9795015877659612, 0.20143644050658047

0.0, 0.0
0.9193018911249894, 0.5039655261207142
0.9794479367321104, 0.2016971473055875

0.0, 0.0
0.9193531412666623, 0.5037943324539762
0.9793942163078323, 0.2019578398150639

0.0, 0.0
0.9194024403382736, 0.5036217128406137
0.9793404264969328, 0.2022185180165406

0.0, 0.0
0.9194497881709287, 0.5034476665975537
0.9792865673032225, 0.20247918189154943

0.0, 0.0
0.9194951845896154, 0.5032721930316492
0.9792326387305172, 0.20273983142162325

0.0, 0.0
0.9195386294132328, 0.5030952914396362
0.9791786407826378, 0.203000466588296

0.0, 0.0
0.9195801224546182, 0.5029169611080908
0.9791245734634096, 0.20326108737310264

0.0, 0.0
0.9196196635205818, 0.5027372013133834
0.9790704367766633, 0.203521693757579

0.0, 0.0
0.919657252411938, 0.5025560113216389
0.979016230726234, 0.20378228572326212

0.0, 0.0
0.9196928889235312, 0.5023733903886884
0.9789619553159623, 0.20404286325169

0.0, 0.0
0.9197265728442745, 0.5021893377600266
0.9789076105496932, 0.20430342632440154

0.0, 0.0
0.9197583039571763, 0.5020038526707638
0.978853196431277, 0.20456397492293685

0.0, 0.0
0.9197880820393775, 0.5018169343455824
0.9787987129645686, 0.20482450902883695

0.0, 0.0
0.9198159068621788, 0.5016285819986881
0.978744160153428, 0.20508502862364394

0.0, 0.0
0.9198417781910802, 0.5014387948337647
0.9786895380017202, 0.2053455336889009

0.0, 0.0
0.9198656957858089, 0.5012475720439249
0.9786348465133148, 0.20560602420615198

0.0, 0.0
0.919887659400357, 0.5010549128116638
0.9785800856920867, 0.20586650015694236

0.0, 0.0
0.9199076687830158, 0.5008608163088099
0.9785252555419153, 0.20612696152281823

0.0, 0.0
0.9199257236764079, 0.5006652816964754
0.9784703560666852, 0.20638740828532678

0.0, 0.0
0.9199418238175257, 0.5004683081250074
0.978415387270286, 0.20664784042601636

0.0, 0.0
0.9199559689377654, 0.5002698947339369
0.9783603491566117, 0.20690825792643622

0.0, 0.0
0.9199681587629659, 0.5000700406519311
0.978305241729562, 0.20716866076813667

0.0, 0.0
0.9199783930134413, 0.4998687449967381
0.9782500649930407, 0.20742904893266914

0.0, 0.0
0.9199866714040216, 0.49966600687513807
0.9781948189509571, 0.20768942240158605

0.0, 0.0
0.9199929936440898, 0.49946182538289086
0.9781395036072249, 0.20794978115644083

0.0, 0.0
0.9199973594376182, 0.4992561996046821
0.9780841189657633, 0.20821012517878798

0.0, 0.0
0.9199997684832109, 0.4990491286140723
0.978028665030496, 0.20847045445018306

0.0, 0.0
0.9200002204741403, 0.498840611473441
0.9779731418053517, 0.2087307689521827

0.0, 0.0
0.9199987150983874, 0.49863064723393336
0.977917549294264, 0.20899106866634448

0.0, 0.0
0.9199952520386838, 0.49841923493540624
0.9778618875011715, 0.20925135357422706

0.0, 0.0
0.9199898309725517, 0.4982063736063716
0.9778061564300176, 0.20951162365739026

0.0, 0.0
0.9199824515723461, 0.49799206226394227
0.9777503560847507, 0.20977187889739482

0.0, 0.0
0.9199731135052963, 0.4977762999137745
0.977694486469324, 0.21003211927580254

0.0, 0.0
0.9199618164335478, 0.4975590855500098
0.9776385475876956, 0.21029234477417635

0.0, 0.0
0.9199485600142102, 0.49734041815522195
0.9775825394438287, 0.2105525553740802

0.0, 0.0
0.9199333438993968, 0.4971202967003538
0.9775264620416912, 0.21081275105707906

0.0, 0.0
0.9199161677362712, 0.49689872014466235
0.9774703153852561, 0.211072931804739

0.0, 0.0
0.9198970311670941, 0.4966756874356589
0.977414099478501, 0.21133309759862712

0.0, 0.0
0.919875933829265, 0.4964511975090477
0.9773578143254088, 0.2115932484203116

0.0, 0.0
0.9198528753553757, 0.49622524928866935
0.977301459929967, 0.21185338425136171

0.0, 0.0
0.9198278553732532, 0.4959978416864374
0.9772450362961681, 0.21211350507334767

0.0, 0.0
0.9198008735060088, 0.495768973602277
0.9771885434280095, 0.2123736108678409

0.0, 0.0
0.9197719293720867, 0.4955386439240642
0.9771319813294936, 0.2126337016164138

0.0, 0.0
0.9197410225853229, 0.4953068515275661
0.9770753500046276, 0.21289377730063982

0.0, 0.0
0.9197081527549783, 0.4950735952763729
0.9770186494574236, 0.2131538379020936

0.0, 0.0
0.9196733194858049, 0.4948388740218366
0.9769618796918986, 0.21341388340235073

0.0, 0.0
0.919636522378091, 0.49460268660300877
0.9769050407120746, 0.21367391378298786

0.0, 0.0
0.9195977610277196, 0.4943650318465741
0.9768481325219786, 0.21393392902558284

0.0, 0.0
0.9195570350262162, 0.49412590856678595
0.976791155125642, 0.2141939291117144

0.0, 0.0
0.9195143439608094, 0.49388531556540105
0.9767341085271015, 0.21445391402296257

0.0, 0.0
0.9194696874144825, 0.49364325163161255
0.976676992730399, 0.21471388374090825

0.0, 0.0
0.9194230649660325, 0.4933997155419836
0.9766198077395806, 0.2149738382471335

0.0, 0.0
0.9193744761901269, 0.49315470606038037
0.9765625535586977, 0.21523377752322156

0.0, 0.0
0.9193239206573613, 0.4929082219379035
0.9765052301918067, 0.21549370155075656

0.0, 0.0
0.9192713979343241, 0.4926602619128219
0.9764478376429687, 0.2157536103113238

0.0, 0.0
0.9192169075836486, 0.49241082471049996
0.9763903759162498, 0.21601350378650971

0.0, 0.0
0.9191604491640788, 0.4921599090433301
0.9763328450157208, 0.21627338195790174

0.0, 0.0
0.9191020222305337, 0.4919075136106636
0.9762752449454577, 0.2165332448070884

0.0, 0.0
0.9190416263341695, 0.4916536370987395
0.9762175757095413, 0.2167930923156594

0.0, 0.0
0.918979261022442, 0.49139827818061127
0.9761598373120571, 0.2170529244652054

0.0, 0.0
0.9189149258391744, 0.4911414355160781
0.9761020297570958, 0.21731274123731822

0.0, 0.0
0.9188486203246258, 0.49088310775161104
0.9760441530487528, 0.21757254261359077

0.0, 0.0
0.9187803440155554, 0.4906232935202804
0.9759862071911285, 0.21783232857561702

0.0, 0.0
0.9187100964452961, 0.4903619914416827
0.9759281921883282, 0.2180920991049921

0.0, 0.0
0.9186378771438193, 0.49009920012186575
0.9758701080444618, 0.21835185418331216

0.0, 0.0
0.9185636856378091, 0.4898349181532548
0.9758119547636447, 0.21861159379217443

0.0, 0.0
0.9184875214507401, 0.4895691441145795
0.9757537323499966, 0.21887131791317732

0.0, 0.0
0.9184093841029409, 0.48930187657079377
0.9756954408076426, 0.2191310265279203

0.0, 0.0
0.9183292731116792, 0.48903311407300515
0.9756370801407122, 0.2193907196180039

0.0, 0.0
0.9182471879912312, 0.4887628551583935
0.9755786503533401, 0.21965039716502982

0.0, 0.0
0.9181631282529652, 0.4884910983501375
0.975520151449666, 0.21991005915060077

0.0, 0.0
0.9180770934054174, 0.4882178421573344
0.9754615834338342, 0.22016970555632065

0.0, 0.0
0.9179890829543728, 0.4879430850749234
0.975402946309994, 0.22042933636379444

0.0, 0.0
0.9178990964029482, 0.48766682558360686
0.9753442400822998, 0.2206889515546282

0.0, 0.0
0.9178071332516762, 0.48738906214977046
0.9752854647549106, 0.2209485511104291

0.0, 0.0
0.9177131929985882, 0.4871097932254043
0.9752266203319906, 0.22120813501280545

0.0, 0.0
0.9176172751393029, 0.4868290172480229
0.9751677068177084, 0.22146770324336662

0.0, 0.0
0.9175193791671119, 0.48654673264058246
0.9751087242162381, 0.22172725578372313

0.0, 0.0
0.9174195045730723, 0.48626293781140345
0.9750496725317582, 0.22198679261548662

0.0, 0.0
0.9173176508460946, 0.4859776311540854
0.9749905517684525, 0.2222463137202698

0.0, 0.0
0.9172138174730384, 0.48569081104742756
0.9749313619305093, 0.2225058190796865

0.0, 0.0
0.9171080039388023, 0.4854024758553442
0.9748721030221222, 0.22276530867535171

0.0, 0.0
0.9170002097264262, 0.48511262392678384
0.9748127750474893, 0.2230247824888815

0.0, 0.0
0.9168904343171822, 0.4848212535956439
0.974753378010814, 0.22328424050189308

0.0, 0.0
0.9167786771906817, 0.48452836318068854
0.9746939119163041, 0.22354368269600472

0.0, 0.0
0.9166649378249692, 0.48423395098546407
0.9746343767681727, 0.22380310905283593

0.0, 0.0
0.9165492156966287, 0.48393801529821295
0.9745747725706376, 0.22406251955400722

0.0, 0.0
0.9164315102808893, 0.48364055439179
0.9745150993279217, 0.22432191418114025

0.0, 0.0
0.9163118210517304, 0.48334156652357735
0.9744553570442525, 0.2245812929158579

0.0, 0.0
0.9161901474819899, 0.48304104993539726
0.9743955457238626, 0.22484065573978404

0.0, 0.0
0.9160664890434763, 0.48273900285342763
0.9743356653709893, 0.22510000263454374

0.0, 0.0
0.9159408452070803, 0.48243542348811314
0.974275715989875, 0.22535933358176322

0.0, 0.0
0.9158132154428924, 0.48213031003408297
0.9742156975847669, 0.22561864856306976

0.0, 0.0
0.9156835992203124, 0.4818236606700576
0.9741556101599171, 0.22587794756009183

0.0, 0.0
0.9155519960081763, 0.48151547355876745
0.9740954537195826, 0.226137230554459

0.0, 0.0
0.9154184052748695, 0.4812057468468593
0.9740352282680252, 0.22639649752780203

0.0, 0.0
0.915282826488457, 0.48089447866481366
0.9739749338095117, 0.22665574846175268

0.0, 0.0
0.9151452591168027, 0.48058166712685274
0.9739145703483137, 0.22691498333794402

0.0, 0.0
0.9150057026276995, 0.4802673103308535
0.9738541378887079, 0.22717420213801012

0.0, 0.0
0.9148641564890008, 0.47995140635825956
0.9737936364349755, 0.2274334048435863

0.0, 0.0
0.9147206201687492, 0.4796339532739927
0.9737330659914031, 0.22769259143630893

0.0, 0.0
0.9145750931353109, 0.4793149491263608
0.9736724265622816, 0.22795176189781552

0.0, 0.0
0.9144275748575158, 0.4789943919469718
0.9736117181519072, 0.22821091620974485

0.0, 0.0
0.9142780648047936, 0.47867227975064375
0.9735509407645809, 0.22847005435373666

0.0, 0.0
0.9141265624473184, 0.47834861053531486
0.9734900944046087, 0.22872917631143197

0.0, 0.0
0.9139730672561518, 0.47802338228195557
0.9734291790763011, 0.22898828206447291

0.0, 0.0
0.9138175787033874, 0.4776965929544768
0.9733681947839739, 0.22924737159450276

0.0, 0.0
0.9136600962623032, 0.4773682404996414
0.9733071415319474, 0.22950644488316588

0.0, 0.0
0.9135006194075149, 0.47703832284697606
0.9732460193245474, 0.2297655019121079

0.0, 0.0
0.9133391476151257, 0.4767068379086795
0.9731848281661037, 0.23002454266297553

0.0, 0.0
0.9131756803628932, 0.47637378357953636
0.973123568060952, 0.23028356711741665

0.0, 0.0
0.9130102171303799, 0.47603915773682454
0.973062239013432, 0.23054257525708033

0.0, 0.0
0.9128427573991215, 0.4757029582402281
0.9730008410278888, 0.23080156706361665

0.0, 0.0
0.9126733006527963, 0.4753651829317488
0.9729393741086722, 0.23106054251867708

0.0, 0.0
0.9125018463773883, 0.4750258296356153
0.9728778382601367, 0.23131950160391404

0.0, 0.0
0.9123283940613623, 0.47468489615819626
0.9728162334866423, 0.2315784443009812

0.0, 0.0
0.9121529431958428, 0.47434238028791353
0.9727545597925532, 0.23183737059153345

0.0, 0.0
0.9119754932747859, 0.4739982797951514
0.9726928171822389, 0.23209628045722672

0.0, 0.0
0.9117960437951693, 0.4736525924321719
0.9726310056600735, 0.23235517387971816

0.0, 0.0
0.9116145942571678, 0.47330531593302505
0.9725691252304363, 0.2326140508406661

0.0, 0.0
0.9114311441643514, 0.4729564480134654
0.9725071758977112, 0.23287291132173

0.0, 0.0
0.9112456930238702, 0.4726059863708643
0.972445157666287, 0.23313175530457056

0.0, 0.0
0.9110582403466504, 0.47225392868412436
0.9723830705405577, 0.23339058277084956

0.0, 0.0
0.9108687856475975, 0.47190027261359596
0.9723209145249219, 0.23364939370222995

0.0, 0.0
0.910677328445793, 0.4715450158009913
0.9722586896237829, 0.233908188080376

0.0, 0.0
0.910483868264703, 0.471188155869303
0.9721963958415494, 0.23416696588695296

0.0, 0.0
0.9102884046323865, 0.4708296904227205
0.9721340331826346, 0.2344257271036273

0.0, 0.0
0.9100909370817092, 0.4704696170465477
0.9720716016514566, 0.2346844717120668

0.0, 0.0
0.9098914651505587, 0.47010793330712425
0.9720091012524386, 0.23494319969394029

0.0, 0.0
0.909689988382067, 0.4697446367517419
0.9719465319900084, 0.23520191103091773

0.0, 0.0
0.909486506324835, 0.469379724908571
0.9718838938685987, 0.23546060570467042

0.0, 0.0
0.9092810185331581, 0.46901319528657814
0.9718211868926475, 0.23571928369687076

0.0, 0.0
0.9090735245672628, 0.46864504537545304
0.9717584110665972, 0.23597794498919225

0.0, 0.0
0.9088640239935393, 0.4682752726455299
0.9716955663948953, 0.23623658956330973

0.0, 0.0
0.9086525163847834, 0.4679038745477158
0.971632652881994, 0.23649521740089907

0.0, 0.0
0.9084390013204434, 0.467530848513419
0.9715696705323507, 0.2367538284836375

0.0, 0.0
0.9082234783868651, 0.46715619195447533
0.9715066193504273, 0.23701242279320325

0.0, 0.0
0.9080059471775489, 0.46677990226308075
0.9714434993406907, 0.23727100031127585

0.0, 0.0
0.907786407293405, 0.4664019768117229
0.971380310507613, 0.23752956101953604

0.0, 0.0
0.9075648583430161, 0.46602241295311486
0.9713170528556706, 0.23778810489966568

0.0, 0.0
0.907341299942905, 0.46564120802013254
0.9712537263893453, 0.23804663193334777

0.0, 0.0
0.9071157317178057, 0.46525835932575127
0.9711903311131235, 0.23830514210226672

0.0, 0.0
0.9068881533009355, 0.4648738641629841
0.9711268670314965, 0.2385636353881079

0.0, 0.0
0.9066585643342817, 0.4644877198048275
0.9710633341489605, 0.23882211177255802

0.0, 0.0
0.9064269644688816, 0.46409992350420265
0.9709997324700167, 0.23908057123730492

0.0, 0.0
0.9061933533651145, 0.4637104724939036
0.9709360619991709, 0.23933901376403766

0.0, 0.0
0.9059577306929981, 0.46331936398654605
0.9708723227409339, 0.2395974393344465

0.0, 0.0
0.905720096132487, 0.4629265951745199
0.9708085146998217, 0.23985584793022294

0.0, 0.0
0.905480449373777, 0.4625321632299419
0.9707446378803545, 0.24011423953305955

0.0, 0.0
0.9052387901176152, 0.4621360653046154
0.9706806922870579, 0.2403726141246503

0.0, 0.0
0.9049951180756158, 0.4617382985299884
0.9706166779244623, 0.24063097168669023

0.0, 0.0
0.9047494329705806, 0.46133886001711943
0.9705525947971028, 0.24088931220087556

0.0, 0.0
0.9045017345368228, 0.46093774685664185
0.9704884429095194, 0.24114763564890387

0.0, 0.0
0.9042520225205027, 0.46053495611873724
0.9704242222662572, 0.2414059420124738

0.0, 0.0
0.9040002966799573, 0.46013048485310637
0.970359932871866, 0.24166423127328526

0.0, 0.0
0.9037465567860453, 0.4597243300889465
0.9702955747309002, 0.2419225034130394

0.0, 0.0
0.9034908026224977, 0.45931648883493664
0.9702311478479196, 0.24218075841343847

0.0, 0.0
0.9032330339862628, 0.4589069580792177
0.9701666522274887, 0.24243899625618612

0.0, 0.0
0.9029732506878722, 0.45849573478938555
0.9701020878741765, 0.24269721692298707

0.0, 0.0
0.9027114525518027, 0.45808281591248545
0.9700374547925574, 0.24295542039554724

0.0, 0.0
0.9024476394168426, 0.4576681983750076
0.9699727529872103, 0.24321360665557393

0.0, 0.0
0.9021818111364712, 0.45725187908289283
0.9699079824627191, 0.2434717756847755

0.0, 0.0
0.9019139675792386, 0.45683385492153933
0.9698431432236727, 0.24372992746486152

0.0, 0.0
0.9016441086291556, 0.45641412275581883
0.9697782352746646, 0.243988061977543

0.0, 0.0
0.9013722341860835, 0.4559926794300916
0.9697132586202932, 0.2442461792045319

0.0, 0.0
0.9010983441661347, 0.4555695217682331
0.969648213265162, 0.24450427912754155

0.0, 0.0
0.9008224385020798, 0.45514464657366355
0.9695830992138793, 0.24476236172828653

0.0, 0.0
0.9005445171437566, 0.4547180506293835
0.9695179164710581, 0.24502042698848253

0.0, 0.0
0.9002645800584897, 0.45428973069801676
0.9694526650413164, 0.24527847488984658

0.0, 0.0
0.8999826272315129, 0.4538596835218588
0.969387344929277, 0.2455365054140969

0.0, 0.0
0.8996986586663985, 0.453427905822932
0.9693219561395677, 0.24579451854295292

0.0, 0.0
0.8994126743854961, 0.4529943943030472
0.9692564986768208, 0.24605251425813535

0.0, 0.0
0.8991246744303719, 0.45255914564387506
0.9691909725456741, 0.24631049254136606

0.0, 0.0
0.8988346588622583, 0.45212215650702064
0.9691253777507697, 0.24656845337436822

0.0, 0.0
0.8985426277625101, 0.4516834235341101
0.9690597142967546, 0.24682639673886622

0.0, 0.0
0.898248581233066, 0.45124294334688336
0.9689939821882811, 0.24708432261658572

0.0, 0.0
0.8979525193969142, 0.45080071254729365
0.968928181430006, 0.2473422309892535

0.0, 0.0
0.8976544423985674, 0.45035672771761776
0.9688623120265911, 0.24760012183859773

0.0, 0.0
0.8973543504045411, 0.4499109854205745
0.9687963739827029, 0.24785799514634774

0.0, 0.0
0.8970522436038438, 0.4494634821994518
0.9687303673030129, 0.2481158508942341

0.0, 0.0
0.8967481222084693, 0.44901421457824614
0.9686642919921974, 0.2483736890639886

0.0, 0.0
0.8964419864538933, 0.4485631790618068
0.9685981480549377, 0.24863150963734443

0.0, 0.0
0.8961338365995815, 0.44811037213599453
0.9685319354959199, 0.24888931259603583

0.0, 0.0
0.8958236729294993, 0.4476557902678483
0.9684656543198348, 0.24914709792179843

0.0, 0.0
0.8955114957526326, 0.4471994299057656
0.9683993045313782, 0.24940486559636896

0.0, 0.0
0.8951973054035083, 0.4467412874796903
0.9683328861352509, 0.24966261560148556

0.0, 0.0
0.8948811022427292, 0.44628135940131536
0.9682663991361583, 0.24992034791888748

0.0, 0.0
0.8945628866575082, 0.4458196420642967
0.9681998435388107, 0.25017806253031544

0.0, 0.0
0.8942426590622097, 0.44535613184447675
0.9681332193479235, 0.2504357594175111

0.0, 0.0
0.8939204198989006, 0.4448908251001269
0.9680665265682166, 0.25069343856221765

0.0, 0.0
0.8935961696379032, 0.44442371817219545
0.967999765204415, 0.2509510999461794

0.0, 0.0
0.893269908778356, 0.4439548073845758
0.9679329352612487, 0.251208743551142

0.0, 0.0
0.8929416378487806, 0.44348408904438474
0.9678660367434521, 0.2514663693588522

0.0, 0.0
0.892611357407651, 0.4430115594422572
0.9677990696557648, 0.2517239773510582

0.0, 0.0
0.8922790680439726, 0.44253721485265424
0.9677320340029313, 0.25198156750950945

0.0, 0.0
0.8919447703778655, 0.44206105153418895
0.9676649297897006, 0.25223913981595647

0.0, 0.0
0.8916084650611488, 0.4415830657299649
0.9675977570208272, 0.2524966942521512

0.0, 0.0
0.8912701527779352, 0.4411032536679342
0.9675305157010696, 0.2527542307998468

0.0, 0.0
0.8909298342452293, 0.440621611561271
0.967463205835192, 0.25301174944079785

0.0, 0.0
0.8905875102135282, 0.44013813560876125
0.9673958274279627, 0.25326925015675994

0.0, 0.0
0.89024318146743, 0.43965282199521255
0.9673283804841555, 0.2535267329294901

0.0, 0.0
0.8898968488262428, 0.43916566689188014
0.9672608650085486, 0.25378419774074656

0.0, 0.0
0.8895485131446003, 0.4386766664569147
0.9671932810059254, 0.2540416445722888

0.0, 0.0
0.8891981753130813, 0.4381858168358251
0.9671256284810739, 0.2542990734058777

0.0, 0.0
0.888845836258832, 0.43769311416196693
0.967057907438787, 0.2545564842232753

0.0, 0.0
0.8884914969461911, 0.4371985545570471
0.9669901178838625, 0.25481387700624497

0.0, 0.0
0.8881351583773184, 0.4367021341316509
0.9669222598211031, 0.2550712517365514

0.0, 0.0
0.8877768215928259, 0.43620384898579073
0.9668543332553163, 0.2553286083959604

0.0, 0.0
0.8874164876724114, 0.4357036952094789
0.9667863381913145, 0.2555859469662391

0.0, 0.0
0.887054157735494, 0.43520166888332096
0.9667182746339149, 0.25584326742915614

0.0, 0.0
0.8866898329418519, 0.4346977660791332
0.9666501425879395, 0.2561005697664812

0.0, 0.0
0.8863235144922575, 0.4341919828605848
0.9665819420582151, 0.2563578539599853

0.0, 0.0
0.8859552036291203, 0.43368431528386553
0.9665136730495738, 0.2566151199914408

0.0, 0.0
0.8855849016371226, 0.4331747593983767
0.966445335566852, 0.25687236784262124

0.0, 0.0
0.8852126098438604, 0.43266331124745
0.9663769296148911, 0.2571295974953016

0.0, 0.0
0.8848383296204801, 0.43214996686909185
0.9663084551985376, 0.25738680893125804

0.0, 0.0
0.8844620623823162, 0.43163472229675637
0.9662399123226425, 0.25764400213226807

0.0, 0.0
0.8840838095895258, 0.43111757356014624
0.9661713009920619, 0.2579011770801104

0.0, 0.0
0.8837035727477227, 0.4305985166860412
0.9661026212116568, 0.2581583337565651

0.0, 0.0
0.8833213534086054, 0.43007754769915585
0.9660338729862927, 0.2584154721434135

0.0, 0.0
0.8829371531705816, 0.42955466262302905
0.9659650563208403, 0.2586725922224384

0.0, 0.0
0.882550973679394, 0.42902985748094363
0.9658961712201749, 0.25892969397542354

0.0, 0.0
0.8821628166287324, 0.42850312829687565
0.965827217689177, 0.25918677738415435

0.0, 0.0
0.8817726837608477, 0.42797447109647874
0.9657581957327315, 0.2594438424304173

0.0, 0.0
0.8813805768671534, 0.4274438819080979
0.9656891053557284, 0.2597008890960002

0.0, 0.0
0.8809864977888238, 0.42691135676382125
0.9656199465630625, 0.25995791736269225

0.0, 0.0
0.880590448417381, 0.42637689170056065
0.9655507193596335, 0.26021492721228395

0.0, 0.0
0.880192430695276, 0.4258404827611725
0.965481423750346, 0.260471918626567

0.0, 0.0
0.8797924466164555, 0.4253021259956084
0.9654120597401091, 0.2607288915873345

0.0, 0.0
0.8793904982269206, 0.424761817462108
0.9653426273338372, 0.26098584607638076

0.0, 0.0
0.8789865876252733, 0.4242195532284234
0.9652731265364493, 0.26124278207550145

0.0, 0.0
0.8785807169632471, 0.42367532937308555
0.9652035573528692, 0.26149969956649366

0.0, 0.0
0.8781728884462289, 0.4231291419867055
0.9651339197880258, 0.2617565985311557

0.0, 0.0
0.8777631043337577, 0.422580987173316
0.9650642138468525, 0.26201347895128707

0.0, 0.0
0.8773513669400126, 0.4220308610517529
0.9649944395342878, 0.2622703408086888

0.0, 0.0
0.8769376786342836, 0.4214787597570761
0.964924596855275, 0.262527184085163

0.0, 0.0
0.876522041841417, 0.4209246794420301
0.9648546858147621, 0.26278400876251345

